run max_rpm damping_rate_full_throttle damping_rate_zero_throttle_clutch_engaged damping_rate_zero_throttle_clutch_disengaged gear_switch_time clutch_strength mass drag_coefficient tire_friction damping_rate radius max_brake_torque min_maximum_change min_distance_velocity min_change_para
1 6379.245  0.152  1.175  0.306  0.326  10.064  1825.609  0.411  1.268  0.263  32.516  1346.521  0.412 -13.349 10
1 4789.262  0.162  1.719  0.291  0.464  10.423  1362.834  0.314  2.082  0.260  35.470  1545.361  0.169 4.545 11
1 6272.672  0.155  1.195  0.211  0.499  10.527  1346.024  0.264  1.012  0.253  32.573  1292.609  0.494 -14.415 8
1 6369.624  0.150  1.029  0.361  0.376  9.000  1516.297  0.236  1.171  0.244  34.033  1712.406  0.486 -14.112 9
1 5052.537  0.159  1.717  0.363  0.550  10.968  1364.817  0.305  2.174  0.260  32.537  1531.905  0.141 6.183 10
1 6286.273  0.145  1.019  0.301  0.486  10.041  1948.872  0.239  2.503  0.231  33.267  1382.633  0.491 -14.368 9
1 4649.815  0.157  1.056  0.269  0.522  10.255  1856.853  0.261  1.037  0.217  34.508  1606.169  0.482 -16.575 10
1 5624.715  0.135  1.646  0.330  0.453  9.149  1421.209  0.259  1.977  0.211  33.513  1545.757  0.177 -3.145 11
1 5626.334  0.169  1.227  0.340  0.435  11.019  1912.186  0.229  1.694  0.287  35.572  1425.589  0.427 -19.3 11
1 6041.040  0.141  1.421  0.295  0.486  10.544  1584.756  0.261  2.087  0.264  34.867  1202.237  0.289 -10.497 11
1 4779.227  0.152  1.259  0.212  0.513  9.917  2045.687  0.295  2.433  0.250  31.845  1599.357  0.527 4.281 6
1 5662.701  0.130  2.037  0.391  0.491  11.749  1644.919  0.299  1.563  0.245  33.133  1266.408  0.228 -1.158 8
1 5978.871  0.138  1.083  0.209  0.503  8.888  1792.516  0.283  2.739  0.227  35.565  1220.405  0.459 -14.066 10
1 6397.124  0.118  1.261  0.327  0.530  11.135  1775.403  0.238  1.841  0.259  35.194  1351.083  0.37 -13.244 12
1 6365.812  0.112  1.188  0.243  0.587  10.553  1609.813  0.306  1.396  0.297  35.493  1248.197  0.406 -14.399 11
1 5401.190  0.150  2.019  0.287  0.501  8.190  1875.155  0.315  1.205  0.252  35.064  1355.603  0.399 -6.305 7
1 5689.965  0.152  1.531  0.346  0.538  9.417  1458.782  0.320  1.893  0.212  32.990  1449.637  0.235 -8.732 9
1 6253.035  0.138  1.078  0.234  0.520  9.160  1365.085  0.318  1.965  0.246  32.905  1348.862  0.461 -13.577 8
1 5086.602  0.110  2.039  0.331  0.523  11.259  1464.592  0.287  1.930  0.248  35.488  1450.100  0.267 2.59 7
1 6051.243  0.166  1.240  0.298  0.595  10.040  1561.622  0.321  1.562  0.214  31.725  1511.356  0.38 -10.026 8
1 5366.359  0.115  1.525  0.324  0.518  8.997  1568.565  0.210  1.406  0.243  35.422  1301.703  0.3 -10.614 10
1 5918.174  0.151  1.435  0.346  0.552  9.143  1817.210  0.380  1.962  0.255  34.229  1461.732  0.356 -9.319 8
1 5757.209  0.133  1.589  0.356  0.445  11.436  1525.705  0.304  1.831  0.300  31.761  1306.996  0.206 -8.331 9
1 6084.087  0.108  1.282  0.363  0.464  11.150  1415.596  0.352  1.210  0.217  35.575  1479.607  0.395 -14.064 11
1 6320.900  0.176  1.081  0.310  0.494  11.800  1671.844  0.299  1.808  0.255  32.450  1240.781  0.46 -13.498 9
1 6163.244  0.103  1.387  0.360  0.410  9.518  1353.602  0.223  1.048  0.256  34.782  1720.403  0.476 -13.639 9
1 6287.035  0.106  1.350  0.308  0.497  9.747  1726.123  0.279  1.411  0.249  32.522  1384.619  0.325 -12.839 9
1 6072.550  0.145  1.623  0.249  0.481  10.424  1588.673  0.287  2.627  0.255  32.594  1257.567  0.313 -6.959 8
1 5946.329  0.129  1.998  0.337  0.412  10.935  1553.854  0.307  1.427  0.247  34.997  1421.636  0.286 -5.6 8
1 6377.754  0.146  1.357  0.283  0.536  9.737  1496.489  0.312  1.424  0.247  33.925  1351.762  0.322 -11.582 9
1 5474.964  0.129  1.281  0.336  0.562  10.206  1367.880  0.447  1.088  0.213  35.082  1485.679  0.49 -19.658 11
1 5518.071  0.147  1.622  0.356  0.596  8.777  1533.171  0.257  2.073  0.282  31.925  1664.938  0.192 3.145 9
1 5583.287  0.154  2.029  0.369  0.541  9.583  1390.643  0.298  2.298  0.249  32.190  1496.758  0.149 5.851 7
1 5909.451  0.151  1.221  0.294  0.390  8.763  1837.500  0.212  1.258  0.258  35.372  1401.836  0.389 -12.984 11
1 4885.180  0.141  1.907  0.381  0.503  8.807  1417.013  0.337  2.115  0.276  33.671  1539.406  0.123 5.677 11
1 5401.750  0.133  1.692  0.359  0.565  9.622  1701.672  0.315  1.941  0.271  33.405  1498.995  0.27 -4.934 8
1 5843.631  0.123  1.156  0.398  0.523  11.784  1794.738  0.294  1.317  0.244  35.540  1703.461  0.422 -12.957 9
2 5737.806  0.152  1.649  0.395  0.580  8.742  1535.671  0.265  1.734  0.248  34.777  1246.375  0.175 -9.006 10
2 5777.417  0.153  1.209  0.365  0.478  8.021  1350.984  0.211  1.407  0.269  35.001  1520.898  0.395 -11.483 8
2 5436.260  0.112  1.701  0.365  0.424  10.709  1348.362  0.292  2.057  0.245  31.980  1245.207  0.253 -3.696 7
2 5459.345  0.127  1.477  0.335  0.508  11.125  1856.322  0.322  2.198  0.244  34.980  1208.331  0.385 -11.148 8
2 6002.258  0.132  1.550  0.298  0.478  8.791  1433.293  0.293  1.861  0.254  33.444  1613.729  0.225 -13.312 9
2 4804.503  0.128  2.025  0.341  0.439  9.137  1578.910  0.295  1.693  0.246  32.669  1616.969  0.178 20.777 8
2 4948.364  0.129  1.685  0.352  0.452  8.144  1370.724  0.282  2.023  0.235  34.356  1277.291  0.186 2.765 9
2 6339.521  0.143  1.698  0.286  0.314  9.941  1499.442  0.307  2.187  0.248  32.228  1445.309  0.372 -10.77 8
2 5674.152  0.151  1.760  0.361  0.535  10.540  1799.206  0.365  2.049  0.251  32.404  1479.563  0.343 -9.208 8
2 5010.851  0.181  1.763  0.392  0.593  9.428  1351.659  0.287  1.887  0.248  35.552  1277.371  0.207 -3.275 8
2 4724.802  0.163  2.266  0.361  0.533  10.937  1518.802  0.248  2.145  0.246  32.570  1292.021  0.173 6.119 10
2 4992.808  0.157  1.624  0.327  0.550  10.425  1824.208  0.305  1.967  0.205  31.974  1447.038  0.361 -10.483 8
2 6275.287  0.109  1.292  0.207  0.587  9.980  1802.776  0.291  1.969  0.243  34.859  1243.734  0.409 -14.79 8
2 5666.608  0.155  1.411  0.358  0.481  11.807  1452.781  0.229  1.698  0.208  34.570  1451.754  0.294 -15.257 9
2 6356.627  0.140  1.040  0.310  0.385  10.449  1638.229  0.492  2.265  0.252  32.234  1306.929  0.64 -20.164 11
2 6121.205  0.125  1.337  0.305  0.455  11.894  1395.495  0.466  2.220  0.233  34.329  1784.492  0.553 -20.36 12
2 5343.813  0.169  1.427  0.359  0.483  9.479  1480.779  0.294  2.726  0.230  35.057  1746.989  0.363 -19.042 9
2 5503.491  0.144  1.466  0.258  0.447  11.521  1444.435  0.266  2.485  0.243  34.477  1542.780  0.267 -15.457 10
2 6275.403  0.184  1.556  0.352  0.345  8.304  1509.110  0.345  1.368  0.297  32.888  1633.065  0.316 -18.202 11
2 6216.143  0.120  1.815  0.359  0.566  10.971  1511.122  0.220  2.269  0.281  32.106  1218.346  0.267 -16.356 11
2 4819.472  0.127  1.893  0.305  0.433  9.981  1607.113  0.248  2.034  0.214  35.399  1559.778  0.199 -9.222 10
2 5189.648  0.125  1.700  0.289  0.492  11.924  1621.425  0.253  2.563  0.254  32.563  1420.588  0.282 -17.433 10
2 4370.229  0.122  2.020  0.344  0.512  9.782  1558.554  0.322  2.628  0.256  34.932  1546.712  0.314 -7.93 7
2 5945.883  0.138  1.297  0.298  0.596  9.041  1507.933  0.272  2.127  0.290  35.040  1378.806  0.352 -18.416 12
2 5973.484  0.138  1.161  0.245  0.458  11.153  1710.958  0.289  2.688  0.205  32.121  1784.089  0.419 -19.258 11
3 5864.264  0.144  1.217  0.339  0.495  8.997  1389.438  0.410  1.091  0.246  31.827  1764.236  0.455 -11.404 7
3 6096.882  0.117  1.506  0.342  0.482  11.100  1573.072  0.247  2.039  0.237  34.693  1503.993  0.247 -9.411 8
3 5728.809  0.139  1.527  0.319  0.369  10.146  1689.905  0.285  1.674  0.236  34.214  1202.720  0.262 -9.865 10
3 5821.753  0.152  2.222  0.344  0.506  9.316  1577.442  0.328  1.634  0.213  34.000  1796.084  0.197 4.803 9
3 6022.731  0.119  1.919  0.321  0.496  11.354  1457.720  0.317  1.701  0.201  34.464  1601.424  0.207 -2.719 10
3 6202.719  0.168  1.006  0.243  0.337  10.085  1928.639  0.465  1.977  0.244  34.644  1488.540  0.55 -12.972 8
3 5458.729  0.167  2.297  0.346  0.440  8.886  1529.965  0.266  1.640  0.251  31.754  1514.216  0.18 6.79 9
3 4902.100  0.157  2.045  0.288  0.306  9.665  1676.886  0.312  1.980  0.253  31.803  1607.506  0.388 6.214 6
3 5908.148  0.162  1.210  0.335  0.324  9.370  1468.566  0.282  2.090  0.213  33.155  1250.502  0.395 -12.876 10
3 5686.343  0.157  1.693  0.380  0.462  9.228  1445.808  0.319  2.126  0.219  34.057  1541.241  0.153 -1.547 10
3 5932.226  0.116  1.562  0.350  0.503  11.970  1707.736  0.286  1.701  0.253  34.225  1507.803  0.274 -11.178 7
3 5149.260  0.197  1.587  0.297  0.528  10.864  1721.277  0.308  1.810  0.202  32.653  1254.788  0.313 -17.163 11
3 6288.928  0.105  1.225  0.385  0.565  10.544  1368.144  0.282  1.968  0.209  32.359  1786.764  0.387 -12.708 10
3 6348.463  0.140  1.444  0.350  0.480  9.965  1458.336  0.327  1.570  0.226  31.973  1229.403  0.278 -11.83 9
3 6294.149  0.150  1.484  0.275  0.385  9.182  1396.077  0.325  1.468  0.247  34.358  1305.839  0.266 -10.552 10
3 6077.292  0.184  2.115  0.343  0.559  9.171  1523.099  0.278  1.986  0.245  33.016  1528.417  0.227 5.272 8
3 6153.869  0.156  1.308  0.338  0.510  9.560  1991.096  0.247  1.940  0.232  33.266  1546.652  0.486 -11.848 8
3 4288.228  0.124  1.969  0.379  0.484  10.798  1355.736  0.330  2.064  0.213  34.952  1289.899  0.173 6.844 9
3 6044.038  0.179  1.713  0.354  0.498  11.157  1542.494  0.340  2.011  0.276  32.450  1383.407  0.209 -4.878 9
3 5374.901  0.187  1.261  0.263  0.489  10.073  1816.794  0.283  2.135  0.214  35.527  1394.527  0.37 -12.444 9
3 6258.341  0.101  1.130  0.385  0.323  11.051  1748.371  0.303  2.686  0.241  34.191  1498.481  0.435 -15.022 10
3 6374.885  0.103  1.467  0.391  0.300  11.895  1425.814  0.340  1.982  0.228  33.207  1509.645  0.4 -13.192 10
3 6095.216  0.113  1.060  0.232  0.313  9.315  1456.590  0.319  2.035  0.244  34.203  1438.492  0.47 -13.098 9
3 5734.987  0.194  1.073  0.269  0.492  9.889  1554.739  0.414  1.055  0.256  34.579  1424.442  0.473 -14.819 9
3 5200.394  0.171  2.264  0.320  0.517  11.413  1595.694  0.383  1.052  0.256  34.936  1537.614  0.474 -16.421 10
3 6355.436  0.148  1.155  0.399  0.376  9.654  1357.238  0.333  2.067  0.211  33.582  1655.323  0.422 -13.614 10
3 6331.028  0.104  1.165  0.361  0.476  9.466  1384.542  0.301  1.769  0.258  32.008  1711.533  0.417 -13.506 10
3 6099.504  0.144  1.007  0.366  0.493  11.321  1778.902  0.290  1.100  0.275  35.209  1468.904  0.497 -14.932 9
3 6208.530  0.150  1.146  0.292  0.407  11.708  1353.716  0.359  2.688  0.232  34.448  1562.660  0.427 -14.854 10
3 5506.272  0.132  1.616  0.343  0.436  10.923  1456.613  0.325  1.853  0.272  34.229  1516.631  0.192 -14.11 11
3 6122.974  0.184  1.322  0.337  0.478  10.207  1503.658  0.401  1.563  0.244  35.543  1430.829  0.339 -12.257 9
4 6173.961  0.148  1.016  0.346  0.343  8.442  1955.419  0.283  2.170  0.248  35.480  1577.988  0.492 -12.788 8
4 5414.566  0.135  2.023  0.295  0.548  11.206  1529.647  0.354  1.914  0.221  33.500  1290.054  0.18 3.299 11
4 5878.432  0.112  1.487  0.277  0.474  9.103  1592.842  0.380  1.924  0.296  34.015  1314.030  0.267 -9.216 11
4 5984.772  0.118  1.562  0.281  0.404  8.233  1614.752  0.270  1.780  0.242  34.944  1566.458  0.219 -8.284 12
4 6049.387  0.131  1.729  0.297  0.584  9.380  1551.004  0.321  2.167  0.230  31.826  1257.407  0.21 2.277 10
4 5930.544  0.118  1.307  0.290  0.489  11.109  1611.864  0.317  1.215  0.248  35.018  1624.149  0.392 -20.357 9
4 6283.849  0.153  1.361  0.229  0.534  9.481  1649.831  0.201  1.319  0.265  35.181  1429.648  0.346 -11.691 11
4 4998.527  0.152  1.991  0.327  0.578  11.493  1745.907  0.245  1.827  0.244  35.168  1499.227  0.303 2.934 7
4 4534.374  0.162  1.916  0.301  0.571  10.857  1460.645  0.258  2.007  0.257  32.808  1688.018  0.142 8.459 10
4 5508.357  0.148  1.247  0.356  0.595  11.650  1799.582  0.228  1.580  0.283  35.238  1371.023  0.376 -11.39 10
4 5395.880  0.156  1.384  0.234  0.508  8.586  1483.578  0.219  2.071  0.290  35.123  1345.366  0.331 -7.888 9
4 5384.530  0.155  2.075  0.378  0.482  9.865  1993.079  0.217  1.038  0.254  34.226  1456.397  0.487 -1.627 7
4 5570.022  0.156  1.895  0.251  0.489  11.114  1676.402  0.300  2.015  0.283  31.797  1491.321  0.283 4.43 6
4 5637.398  0.166  2.278  0.330  0.437  8.839  1514.382  0.340  2.260  0.247  32.584  1642.550  0.139 7.798 11
4 5053.591  0.140  1.505  0.311  0.566  10.674  1674.247  0.317  1.727  0.250  32.537  1228.823  0.249 1.866 10
4 6193.105  0.147  1.092  0.360  0.491  11.544  1510.277  0.460  1.142  0.226  34.196  1491.498  0.533 -13.779 8
4 4957.517  0.148  1.051  0.247  0.511  9.335  1879.513  0.300  1.771  0.251  34.322  1405.345  0.475 -7.144 8
4 5560.988  0.150  2.090  0.344  0.484  10.227  1474.257  0.255  1.730  0.245  33.309  1462.429  0.15 4.761 8
4 6079.558  0.154  2.117  0.354  0.511  10.387  1423.848  0.410  1.127  0.245  35.241  1227.998  0.436 -5.95 8
4 5935.767  0.138  1.989  0.359  0.430  9.299  1380.651  0.324  2.082  0.202  34.611  1673.625  0.192 4.492 10
4 5964.986  0.144  1.799  0.313  0.593  8.066  1551.272  0.283  1.946  0.285  34.202  1443.141  0.193 2.436 9
4 5814.894  0.116  1.277  0.340  0.474  10.145  1658.807  0.282  2.105  0.208  33.142  1200.935  0.362 -10.914 9
4 6333.187  0.109  1.480  0.367  0.494  8.998  1647.742  0.322  1.835  0.298  32.908  1391.026  0.273 -10.611 10
4 5921.144  0.115  1.323  0.395  0.533  11.279  1637.996  0.257  1.427  0.249  33.722  1660.347  0.339 -10.8 11
4 6256.291  0.113  1.692  0.343  0.494  10.125  1592.598  0.338  1.759  0.253  34.681  1621.911  0.251 -5.423 8
4 4868.358  0.140  1.605  0.388  0.585  10.648  1608.199  0.248  1.827  0.240  35.213  1392.497  0.2 2.019 12
4 5602.322  0.133  1.540  0.305  0.588  10.025  1601.717  0.262  2.346  0.267  35.086  1700.611  0.23 -4.949 11
4 5991.621  0.105  1.249  0.303  0.349  8.394  1571.324  0.337  1.272  0.225  33.725  1389.718  0.375 -12.692 12
4 5664.156  0.151  2.481  0.362  0.494  11.147  1459.569  0.357  2.014  0.254  33.585  1369.592  0.24 6.908 7
4 5490.103  0.136  1.805  0.323  0.540  10.482  1564.255  0.344  2.129  0.264  34.142  1403.485  0.167 2.021 12
5 5494.282  0.145  1.984  0.238  0.482  9.978  1867.443  0.288  2.011  0.225  33.339  1792.832  0.394 4.575 6
5 6376.368  0.100  1.237  0.336  0.324  10.796  1910.515  0.396  1.875  0.257  34.830  1318.340  0.426 -13.232 10
5 6291.517  0.123  1.092  0.390  0.322  8.673  1797.532  0.290  1.512  0.268  33.904  1415.662  0.454 -13.686 11
5 6301.497  0.140  1.318  0.247  0.414  11.877  1450.896  0.216  1.470  0.218  35.255  1415.731  0.341 -12.292 12
5 5053.347  0.121  2.412  0.348  0.502  11.141  1555.220  0.296  1.550  0.216  31.849  1265.017  0.225 6.168 8
5 6095.077  0.148  1.392  0.395  0.504  8.340  1808.433  0.274  2.275  0.253  32.263  1333.398  0.35 -9.741 9
5 4843.527  0.163  2.044  0.386  0.449  10.463  1447.770  0.329  2.019  0.253  34.976  1745.591  0.164 5.585 9
5 4844.944  0.163  2.187  0.299  0.455  9.595  1498.432  0.336  1.806  0.280  32.090  1321.873  0.146 6.719 12
5 5093.616  0.193  1.964  0.294  0.384  9.892  1785.441  0.309  1.261  0.249  32.103  1489.264  0.37 4.119 7
5 5810.928  0.131  1.528  0.339  0.523  8.305  1779.655  0.368  1.716  0.240  31.821  1260.554  0.328 -9.608 9
5 6317.178  0.111  1.288  0.359  0.563  10.116  1534.552  0.338  2.677  0.267  34.901  1297.755  0.356 -11.78 10
5 6283.829  0.128  1.137  0.232  0.493  11.280  1632.470  0.312  1.050  0.255  34.580  1327.555  0.475 -14.786 9
5 4305.601  0.149  1.972  0.362  0.336  11.215  1531.006  0.280  2.634  0.257  34.415  1652.758  0.328 8.314 7
5 6320.467  0.123  1.085  0.212  0.415  9.908  1931.185  0.205  1.486  0.284  33.127  1446.020  0.458 -14.492 11
5 4640.681  0.143  1.633  0.400  0.494  8.437  1564.783  0.315  1.560  0.300  34.972  1476.472  0.22 3.749 9
5 5646.359  0.178  1.519  0.275  0.531  11.254  1559.025  0.289  1.510  0.242  34.484  1317.415  0.245 -8.101 11
5 5856.487  0.164  1.720  0.361  0.445  8.085  1371.909  0.269  2.055  0.233  33.785  1319.316  0.191 2.106 10
5 6012.757  0.108  1.226  0.340  0.330  9.944  1790.823  0.305  1.686  0.206  33.027  1434.298  0.387 -12.931 9
5 5582.369  0.146  1.406  0.338  0.581  11.157  1594.875  0.299  1.437  0.293  34.154  1503.505  0.297 -9.497 8
5 4875.978  0.123  2.050  0.376  0.540  9.097  1442.919  0.316  1.825  0.267  34.914  1301.032  0.18 3.479 10
5 6308.979  0.152  1.046  0.346  0.521  9.851  1594.042  0.494  1.365  0.292  32.469  1702.319  0.647 -13.119 8
5 5455.389  0.102  2.355  0.338  0.466  8.653  2018.267  0.234  1.105  0.237  35.228  1617.173  0.506 -16.577 11
5 5302.254  0.112  1.872  0.323  0.525  9.942  1672.239  0.320  1.535  0.256  35.519  1716.928  0.253 -4.162 9
5 6141.221  0.101  1.140  0.329  0.323  9.610  1688.270  0.403  1.392  0.297  33.900  1294.884  0.43 -14.002 12
5 6160.168  0.120  1.315  0.364  0.583  8.878  1545.975  0.304  1.055  0.225  33.735  1359.501  0.473 -13.306 10
5 5480.229  0.129  1.462  0.355  0.510  10.312  1611.363  0.280  1.558  0.206  34.697  1507.612  0.269 -8.871 8
5 6387.920  0.103  1.355  0.343  0.580  11.408  1375.212  0.322  2.232  0.266  34.188  1262.066  0.323 -11.327 10
5 6180.320  0.129  1.132  0.299  0.443  11.123  1799.947  0.346  1.068  0.241  33.162  1431.921  0.466 -14.518 12
5 5925.260  0.120  1.615  0.282  0.477  8.092  1585.430  0.344  1.754  0.248  32.156  1622.628  0.2 -7.796 10
5 6125.022  0.124  1.324  0.344  0.540  8.549  1362.115  0.381  1.230  0.231  33.155  1232.289  0.385 -13.487 11
5 6133.492  0.130  1.395  0.346  0.507  8.201  1829.275  0.291  2.096  0.203  34.928  1248.969  0.365 -11.182 9
5 6059.743  0.144  1.572  0.282  0.552  8.219  1723.522  0.283  1.458  0.295  33.370  1487.558  0.286 -9.287 10
6 5898.388  0.164  1.566  0.400  0.501  11.733  1376.088  0.261  2.424  0.231  32.890  1214.140  0.217 -8.684 11
6 5263.827  0.134  1.973  0.384  0.361  11.560  1553.585  0.307  1.547  0.257  33.709  1424.740  0.278 2.534 9
6 5415.348  0.129  1.786  0.309  0.533  9.024  1498.272  0.316  1.644  0.258  33.273  1581.134  0.178 2.02 11
6 5663.953  0.128  1.562  0.352  0.546  10.530  1767.265  0.304  2.255  0.298  33.060  1496.422  0.319 -9.674 9
6 5431.434  0.130  1.944  0.366  0.484  11.739  1498.240  0.268  2.374  0.233  34.166  1273.762  0.187 2.578 10
6 5693.995  0.129  1.100  0.288  0.554  11.477  1839.036  0.290  1.562  0.252  35.507  1404.732  0.45 -13.728 10
6 6210.290  0.145  1.477  0.283  0.344  9.906  1681.632  0.295  1.483  0.295  34.356  1628.734  0.312 -8.975 9
6 6112.327  0.173  1.099  0.232  0.516  9.982  1676.740  0.278  1.993  0.262  35.416  1562.452  0.451 -12.471 8
6 4963.810  0.124  1.580  0.372  0.493  8.571  1444.741  0.311  2.330  0.257  33.653  1472.669  0.21 4.082 9
6 6318.000  0.124  1.214  0.349  0.344  10.318  1477.439  0.334  1.135  0.227  31.748  1773.274  0.432 -13.717 10
6 6295.353  0.106  1.567  0.242  0.522  8.976  1522.071  0.217  1.758  0.267  35.383  1759.022  0.309 -19.973 11
6 5772.329  0.129  1.467  0.289  0.578  9.697  1581.872  0.223  1.967  0.254  34.340  1537.293  0.266 -9.725 10
6 6065.222  0.101  1.242  0.387  0.480  9.654  1849.950  0.294  1.794  0.293  35.589  1586.484  0.381 -13.156 10
6 5315.162  0.143  1.956  0.376  0.508  10.641  1906.318  0.301  2.060  0.253  32.221  1269.349  0.423 -3.514 6
6 6380.258  0.127  1.090  0.329  0.505  9.296  1647.320  0.285  1.972  0.243  35.415  1797.415  0.455 -13.106 8
6 5567.034  0.160  2.126  0.349  0.487  10.657  1340.735  0.365  1.714  0.255  34.566  1608.955  0.217 4.306 8
6 6105.989  0.117  1.640  0.373  0.501  8.249  1612.479  0.266  1.474  0.286  35.567  1283.262  0.263 -10.777 11
6 6084.727  0.123  1.759  0.325  0.389  8.123  1352.115  0.289  1.389  0.252  34.233  1245.026  0.305 -8.889 9
6 4787.208  0.167  1.733  0.291  0.561  9.508  1493.901  0.250  1.920  0.250  34.968  1728.662  0.169 4.474 11
6 5451.305  0.184  1.613  0.340  0.547  9.405  1398.488  0.311  1.516  0.280  33.152  1713.244  0.242 2.17 10
6 5331.609  0.115  1.821  0.251  0.482  11.623  1353.693  0.340  1.602  0.255  34.439  1582.168  0.283 -2.802 9
6 6173.761  0.179  1.004  0.273  0.492  11.013  1553.715  0.354  2.057  0.206  34.963  1252.236  0.498 -14.382 10
6 6090.637  0.135  1.245  0.350  0.560  9.810  1467.386  0.295  1.853  0.203  34.213  1445.383  0.377 -12.215 10
6 5498.711  0.133  2.365  0.323  0.578  11.318  1445.689  0.286  1.926  0.227  35.072  1405.270  0.183 4.887 10
6 6126.384  0.128  1.117  0.301  0.495  8.467  1827.616  0.298  1.984  0.224  33.853  1346.253  0.442 -13.559 9
6 6353.128  0.154  1.982  0.229  0.453  9.896  1517.825  0.297  2.711  0.250  33.410  1510.538  0.355 4.254 6
6 5385.374  0.153  2.419  0.337  0.402  10.019  1503.703  0.299  1.727  0.275  33.590  1783.613  0.21 7.001 8
6 6041.102  0.103  1.219  0.230  0.517  11.025  1697.794  0.342  1.942  0.265  33.138  1531.690  0.39 -13.538 10
6 5455.903  0.189  1.412  0.349  0.331  9.964  1553.965  0.310  1.453  0.286  31.719  1212.896  0.338 -9.263 8
6 4418.966  0.146  2.235  0.308  0.502  9.284  1530.696  0.286  1.698  0.225  34.079  1781.071  0.187 7.505 9
6 6362.567  0.145  1.267  0.337  0.499  8.738  1512.627  0.354  1.886  0.207  32.645  1420.263  0.367 -11.827 9
6 6198.658  0.101  1.025  0.347  0.408  8.407  1728.459  0.277  1.900  0.223  31.764  1219.372  0.488 -14.238 9
6 6262.422  0.126  1.372  0.365  0.464  8.471  1610.547  0.346  2.085  0.202  31.745  1548.916  0.314 -10.174 10
6 6111.273  0.126  1.079  0.356  0.359  10.315  2041.870  0.296  1.507  0.224  35.578  1218.020  0.524 -15.099 10
6 5923.957  0.155  1.694  0.316  0.462  9.165  1451.451  0.263  1.512  0.248  34.748  1389.394  0.244 -7.32 10
6 5044.355  0.151  1.243  0.348  0.405  9.786  1734.512  0.302  2.056  0.243  34.513  1329.972  0.378 -7.716 7
6 4973.178  0.161  2.229  0.343  0.534  8.897  1531.179  0.333  2.394  0.244  33.280  1500.061  0.197 6.328 9
6 6368.718  0.148  1.357  0.251  0.590  9.941  1770.321  0.306  2.320  0.236  35.311  1401.768  0.322 -11 9
6 5434.187  0.154  1.488  0.292  0.546  8.544  1613.361  0.305  1.371  0.247  32.283  1252.563  0.315 -9.392 9
6 4526.317  0.176  2.058  0.278  0.485  10.332  1569.170  0.308  2.416  0.281  34.126  1523.718  0.208 6.216 9
6 5506.069  0.143  1.959  0.241  0.382  10.025  1551.734  0.289  1.880  0.251  33.656  1467.592  0.311 3.091 7
7 5966.956  0.153  1.442  0.339  0.332  9.512  1977.295  0.291  2.138  0.244  34.960  1438.447  0.476 -10.113 8
7 6057.731  0.145  1.026  0.360  0.520  8.070  1942.785  0.319  2.962  0.220  34.840  1271.125  0.487 -13.637 8
7 5864.948  0.106  1.697  0.310  0.384  11.602  1428.166  0.345  2.068  0.270  33.341  1515.202  0.293 -19.144 11
7 6189.801  0.148  1.382  0.353  0.595  11.936  1697.268  0.323  1.704  0.276  33.343  1207.286  0.309 -12.86 9
7 5338.706  0.150  1.788  0.351  0.510  8.868  1424.070  0.322  1.780  0.290  34.643  1331.283  0.16 -3.894 8
7 6108.672  0.196  1.110  0.396  0.455  10.736  1346.074  0.231  1.937  0.263  31.733  1271.377  0.445 -12.971 9
7 4900.255  0.118  2.052  0.350  0.532  9.066  1450.726  0.286  1.654  0.242  34.866  1439.473  0.213 -7.674 9
7 6398.953  0.101  1.798  0.365  0.597  10.512  1343.416  0.336  2.318  0.206  32.905  1451.251  0.327 -18.903 10
7 5211.092  0.155  2.042  0.261  0.334  9.870  1347.489  0.453  1.128  0.253  31.780  1687.317  0.51 -6.073 6
7 5180.544  0.118  1.590  0.350  0.535  10.040  1386.510  0.318  2.074  0.274  33.859  1395.894  0.213 -7.663 8
7 5116.410  0.173  2.072  0.367  0.457  9.720  1439.377  0.362  1.589  0.289  35.034  1780.691  0.207 -9.054 11
7 5878.404  0.154  1.594  0.262  0.513  9.732  1668.030  0.267  2.309  0.214  34.451  1543.055  0.251 -15.351 10
7 5966.737  0.182  1.067  0.214  0.506  10.105  1611.580  0.313  1.837  0.239  33.014  1369.766  0.467 -13.835 9
7 5799.321  0.117  1.730  0.305  0.491  8.641  1430.254  0.339  2.409  0.217  34.106  1708.380  0.22 -12.991 11
7 6040.182  0.157  1.218  0.276  0.512  8.631  2037.625  0.315  1.979  0.213  32.002  1602.178  0.521 -15.062 8
7 6382.882  0.174  1.977  0.339  0.512  10.098  1667.117  0.262  1.806  0.220  35.344  1295.865  0.277 -8.207 8
7 6279.422  0.131  2.078  0.337  0.466  9.481  1638.452  0.292  1.906  0.259  35.518  1715.820  0.256 -10.579 9
7 6394.256  0.152  1.964  0.393  0.485  10.090  1409.093  0.316  1.795  0.244  34.232  1619.210  0.279 -4.059 6
8 4911.875  0.145  2.043  0.296  0.592  11.000  1575.327  0.294  1.923  0.283  32.925  1354.774  0.184 4.854 8
8 5760.917  0.163  1.932  0.353  0.471  10.695  1526.196  0.276  2.143  0.280  35.506  1349.422  0.152 2.796 10
8 5820.520  0.107  1.203  0.217  0.559  9.765  1772.548  0.320  1.611  0.245  34.555  1743.029  0.398 -20.111 10
8 5809.964  0.154  2.265  0.387  0.494  10.021  1368.096  0.337  2.051  0.244  32.002  1659.875  0.162 8.003 7
8 6030.759  0.155  1.125  0.279  0.379  9.001  2088.826  0.282  1.954  0.243  33.710  1207.651  0.559 -12.532 8
8 5480.470  0.142  1.452  0.226  0.328  10.031  1807.899  0.301  2.022  0.237  34.363  1279.772  0.354 -9.114 9
8 6048.252  0.186  1.567  0.340  0.564  11.729  1546.719  0.326  1.942  0.270  34.429  1564.973  0.24 -2.758 10
8 5254.758  0.164  2.162  0.288  0.480  10.055  1477.987  0.309  1.955  0.251  32.612  1764.745  0.177 7.532 7
8 5549.980  0.123  1.546  0.394  0.513  11.596  1674.181  0.308  2.358  0.257  33.801  1598.392  0.249 -4.779 9
8 6172.079  0.115  1.060  0.346  0.422  9.643  1749.189  0.313  1.795  0.249  33.579  1220.093  0.47 -14.8 9
8 6029.877  0.130  1.562  0.395  0.546  9.395  1655.206  0.293  2.551  0.250  34.598  1372.290  0.276 -19.102 10
8 5722.081  0.184  1.229  0.260  0.521  10.704  1738.559  0.388  1.915  0.256  31.759  1415.472  0.385 -9.518 9
8 6352.414  0.125  1.974  0.352  0.329  9.544  1476.328  0.283  2.519  0.257  34.152  1226.031  0.342 2.914 8
8 5648.409  0.172  1.533  0.348  0.482  8.927  1763.657  0.293  1.684  0.240  34.780  1236.682  0.316 -9.045 9
8 6034.373  0.157  1.289  0.246  0.555  9.795  1384.335  0.320  1.172  0.245  33.806  1498.201  0.414 -11.866 8
8 6293.341  0.156  2.034  0.237  0.482  9.069  1656.395  0.372  1.556  0.257  33.586  1578.572  0.323 3.508 8
8 5515.110  0.147  1.308  0.360  0.437  10.126  1469.793  0.307  2.397  0.275  34.185  1404.740  0.346 -6.109 8
8 5595.092  0.140  1.726  0.382  0.420  8.275  1501.652  0.255  1.907  0.245  32.979  1559.555  0.172 2.694 11
8 5740.744  0.112  1.552  0.382  0.403  8.796  1533.742  0.262  1.540  0.298  32.373  1366.303  0.253 -10.258 12
8 5345.046  0.149  1.700  0.334  0.514  9.661  1605.005  0.352  1.490  0.213  34.532  1360.394  0.255 -6.533 10
8 5835.760  0.151  1.945  0.358  0.521  8.626  1697.917  0.260  2.694  0.245  33.598  1532.187  0.347 4.162 7
8 6277.898  0.145  1.481  0.357  0.410  8.327  1482.052  0.349  1.858  0.251  33.462  1601.571  0.259 -5.297 9
8 6229.664  0.108  1.113  0.348  0.511  11.317  1908.365  0.358  1.908  0.288  32.771  1490.951  0.444 -13.468 9
8 5237.330  0.132  1.757  0.323  0.564  11.218  1507.538  0.255  2.256  0.241  34.991  1276.555  0.15 -3.658 12
8 5686.545  0.153  1.415  0.341  0.483  10.904  1876.944  0.318  2.026  0.269  34.723  1324.630  0.401 -9.949 7
8 6297.125  0.145  1.366  0.363  0.339  10.125  1563.795  0.293  2.787  0.253  32.467  1671.945  0.393 -7.288 7
8 5851.546  0.150  1.162  0.389  0.477  8.615  1783.547  0.299  1.263  0.260  33.715  1318.499  0.419 -12.298 9
8 5942.287  0.170  1.688  0.336  0.409  8.956  1514.377  0.292  2.104  0.227  34.224  1357.664  0.188 1.851 10
8 5911.797  0.142  1.661  0.300  0.386  11.930  1384.225  0.334  1.614  0.283  34.832  1714.167  0.228 -5.019 12
8 6368.083  0.146  1.226  0.342  0.372  11.457  1450.317  0.304  1.614  0.242  32.014  1240.120  0.387 -11.76 9
8 6143.264  0.154  1.491  0.386  0.419  10.479  1690.716  0.322  2.238  0.290  34.067  1256.946  0.262 -8.415 10
8 5477.337  0.171  2.070  0.371  0.590  10.587  1523.883  0.300  2.020  0.242  32.404  1345.243  0.18 5.158 9
8 5541.630  0.155  1.625  0.400  0.507  8.709  1520.065  0.321  2.145  0.295  32.564  1459.279  0.188 2.438 9
8 5138.945  0.143  2.133  0.375  0.471  8.655  1658.387  0.285  1.989  0.255  34.776  1498.541  0.238 4.38 7
8 5636.417  0.138  1.551  0.364  0.385  9.206  1480.575  0.235  1.787  0.265  34.629  1214.118  0.23 -8.703 11
8 6350.469  0.162  1.691  0.332  0.501  8.845  1572.350  0.290  1.947  0.292  31.706  1596.103  0.27 4.006 8
8 6078.043  0.102  2.055  0.361  0.418  10.416  1755.296  0.474  1.058  0.250  31.993  1657.657  0.58 -17.168 9
9 4911.875  0.145  2.043  0.296  0.592  11.000  1575.327  0.294  1.923  0.283  32.925  1354.774  0.184 4.854 8
9 5760.917  0.163  1.932  0.353  0.471  10.695  1526.196  0.276  2.143  0.280  35.506  1349.422  0.152 2.796 10
9 5820.520  0.107  1.203  0.217  0.559  9.765  1772.548  0.320  1.611  0.245  34.555  1743.029  0.398 -20.111 10
9 5809.964  0.154  2.265  0.387  0.494  10.021  1368.096  0.337  2.051  0.244  32.002  1659.875  0.162 8.003 7
9 6030.759  0.155  1.125  0.279  0.379  9.001  2088.826  0.282  1.954  0.243  33.710  1207.651  0.559 -12.532 8
9 5480.470  0.142  1.452  0.226  0.328  10.031  1807.899  0.301  2.022  0.237  34.363  1279.772  0.354 -9.114 9
9 6048.252  0.186  1.567  0.340  0.564  11.729  1546.719  0.326  1.942  0.270  34.429  1564.973  0.24 -2.758 10
9 5254.758  0.164  2.162  0.288  0.480  10.055  1477.987  0.309  1.955  0.251  32.612  1764.745  0.177 7.532 7
9 5549.980  0.123  1.546  0.394  0.513  11.596  1674.181  0.308  2.358  0.257  33.801  1598.392  0.249 -4.779 9
9 6172.079  0.115  1.060  0.346  0.422  9.643  1749.189  0.313  1.795  0.249  33.579  1220.093  0.47 -14.8 9
9 6029.877  0.130  1.562  0.395  0.546  9.395  1655.206  0.293  2.551  0.250  34.598  1372.290  0.276 -19.102 10
9 5722.081  0.184  1.229  0.260  0.521  10.704  1738.559  0.388  1.915  0.256  31.759  1415.472  0.385 -9.518 9
9 6352.414  0.125  1.974  0.352  0.329  9.544  1476.328  0.283  2.519  0.257  34.152  1226.031  0.342 2.914 8
9 5648.409  0.172  1.533  0.348  0.482  8.927  1763.657  0.293  1.684  0.240  34.780  1236.682  0.316 -9.045 9
9 6034.373  0.157  1.289  0.246  0.555  9.795  1384.335  0.320  1.172  0.245  33.806  1498.201  0.414 -11.866 8
9 6293.341  0.156  2.034  0.237  0.482  9.069  1656.395  0.372  1.556  0.257  33.586  1578.572  0.323 3.508 8
9 5515.110  0.147  1.308  0.360  0.437  10.126  1469.793  0.307  2.397  0.275  34.185  1404.740  0.346 -6.109 8
9 5595.092  0.140  1.726  0.382  0.420  8.275  1501.652  0.255  1.907  0.245  32.979  1559.555  0.172 2.694 11
9 5740.744  0.112  1.552  0.382  0.403  8.796  1533.742  0.262  1.540  0.298  32.373  1366.303  0.253 -10.258 12
9 5345.046  0.149  1.700  0.334  0.514  9.661  1605.005  0.352  1.490  0.213  34.532  1360.394  0.255 -6.533 10
9 5835.760  0.151  1.945  0.358  0.521  8.626  1697.917  0.260  2.694  0.245  33.598  1532.187  0.347 4.162 7
9 6277.898  0.145  1.481  0.357  0.410  8.327  1482.052  0.349  1.858  0.251  33.462  1601.571  0.259 -5.297 9
9 6229.664  0.108  1.113  0.348  0.511  11.317  1908.365  0.358  1.908  0.288  32.771  1490.951  0.444 -13.468 9
9 5237.330  0.132  1.757  0.323  0.564  11.218  1507.538  0.255  2.256  0.241  34.991  1276.555  0.15 -3.658 12
9 5686.545  0.153  1.415  0.341  0.483  10.904  1876.944  0.318  2.026  0.269  34.723  1324.630  0.401 -9.949 7
9 6297.125  0.145  1.366  0.363  0.339  10.125  1563.795  0.293  2.787  0.253  32.467  1671.945  0.393 -7.288 7
9 5851.546  0.150  1.162  0.389  0.477  8.615  1783.547  0.299  1.263  0.260  33.715  1318.499  0.419 -12.298 9
9 5942.287  0.170  1.688  0.336  0.409  8.956  1514.377  0.292  2.104  0.227  34.224  1357.664  0.188 1.851 10
9 5911.797  0.142  1.661  0.300  0.386  11.930  1384.225  0.334  1.614  0.283  34.832  1714.167  0.228 -5.019 12
9 6368.083  0.146  1.226  0.342  0.372  11.457  1450.317  0.304  1.614  0.242  32.014  1240.120  0.387 -11.76 9
9 6143.264  0.154  1.491  0.386  0.419  10.479  1690.716  0.322  2.238  0.290  34.067  1256.946  0.262 -8.415 10
9 5477.337  0.171  2.070  0.371  0.590  10.587  1523.883  0.300  2.020  0.242  32.404  1345.243  0.18 5.158 9
9 5541.630  0.155  1.625  0.400  0.507  8.709  1520.065  0.321  2.145  0.295  32.564  1459.279  0.188 2.438 9
9 5138.945  0.143  2.133  0.375  0.471  8.655  1658.387  0.285  1.989  0.255  34.776  1498.541  0.238 4.38 7
9 5636.417  0.138  1.551  0.364  0.385  9.206  1480.575  0.235  1.787  0.265  34.629  1214.118  0.23 -8.703 11
9 6350.469  0.162  1.691  0.332  0.501  8.845  1572.350  0.290  1.947  0.292  31.706  1596.103  0.27 4.006 8
9 6078.043  0.102  2.055  0.361  0.418  10.416  1755.296  0.474  1.058  0.250  31.993  1657.657  0.58 -17.168 9
10 5845.535  0.161  1.369  0.256  0.480  9.008  1716.989  0.320  1.417  0.250  31.710  1260.030  0.316 -11.583 8
10 6095.873  0.149  1.003  0.309  0.567  10.106  1661.491  0.375  1.963  0.216  31.804  1210.036  0.499 -13.951 8
10 5356.529  0.175  1.836  0.283  0.504  11.613  1527.758  0.304  2.098  0.244  34.216  1448.052  0.191 -8.049 9
10 5696.999  0.143  1.169  0.319  0.372  9.371  1604.613  0.299  1.546  0.249  32.337  1569.365  0.415 -14.96 9
10 5898.645  0.167  1.505  0.249  0.383  10.396  1350.349  0.285  1.941  0.229  33.826  1356.992  0.289 -12.332 9
10 5649.593  0.162  1.447  0.250  0.378  8.413  1341.545  0.408  1.450  0.262  31.982  1462.619  0.36 -18.492 11
10 6120.639  0.174  1.186  0.342  0.518  8.284  2012.076  0.371  1.254  0.249  34.157  1669.856  0.502 -15.763 9
10 6006.101  0.147  1.469  0.351  0.584  8.662  1484.982  0.205  1.938  0.218  34.670  1307.015  0.317 -14.479 9
10 5933.237  0.156  1.671  0.353  0.504  9.018  2036.937  0.318  1.133  0.208  33.536  1500.076  0.52 -2.278 7
10 6300.717  0.111  1.311  0.251  0.472  8.815  1792.188  0.406  1.617  0.239  33.135  1626.260  0.353 -18.086 12
10 5069.964  0.147  1.764  0.364  0.498  9.077  1426.532  0.237  1.914  0.232  35.369  1619.215  0.21 -10.583 9
10 6036.148  0.132  1.990  0.330  0.472  10.329  1341.410  0.301  2.182  0.250  35.361  1499.533  0.207 2.699 7
10 6293.030  0.144  1.117  0.299  0.539  11.647  1563.058  0.254  2.250  0.248  33.610  1769.843  0.442 -19.609 10
10 5253.765  0.160  2.253  0.341  0.437  10.202  1383.096  0.327  2.123  0.264  33.749  1355.192  0.127 3.127 11
10 5507.805  0.194  1.504  0.344  0.432  11.707  1497.739  0.313  1.463  0.275  32.089  1391.512  0.293 -16.722 10
10 5705.958  0.167  2.166  0.282  0.484  10.147  1586.048  0.352  2.158  0.282  34.998  1778.248  0.194 -9.124 10
10 5488.907  0.141  1.525  0.302  0.522  11.244  1692.523  0.290  2.111  0.276  34.562  1798.208  0.263 -12.143 10
10 5202.144  0.147  2.054  0.320  0.509  10.579  1629.705  0.272  1.759  0.259  34.252  1685.589  0.216 -11.215 9
10 6224.388  0.155  2.233  0.357  0.501  8.496  1678.941  0.242  2.057  0.267  33.458  1738.518  0.253 2.614 8
10 6393.754  0.110  1.123  0.393  0.388  11.892  1868.771  0.436  2.796  0.295  34.999  1384.186  0.453 -20.078 12
10 4865.945  0.114  1.689  0.371  0.507  10.072  1623.982  0.253  2.584  0.264  34.611  1728.402  0.292 -14.781 10
10 5154.150  0.178  1.571  0.284  0.482  11.651  1464.896  0.345  2.273  0.211  32.359  1204.132  0.215 -16.153 11
