run max_rpm damping_rate_full_throttle damping_rate_zero_throttle_clutch_engaged damping_rate_zero_throttle_clutch_disengaged gear_switch_time clutch_strength mass drag_coefficient tire_friction damping_rate radius max_brake_torque min_maximum_change min_distance_velocity min_change_para
1 6279.207  0.117  1.299  0.353  0.525  9.626  1566.544  0.337  2.047  0.214  33.638  1269.116  0.351 -12.816 11
1 6319.182  0.130  1.002  0.347  0.558  9.360  2019.781  0.430  2.063  0.253  34.135  1229.429  0.507 -14.228 10
1 6258.518  0.141  1.029  0.263  0.497  11.264  1445.313  0.215  2.045  0.273  34.949  1343.862  0.486 -14.356 11
1 6219.010  0.159  1.077  0.326  0.324  10.492  1533.753  0.306  1.440  0.288  32.408  1399.284  0.462 -13.321 11
1 5759.345  0.165  1.484  0.352  0.422  8.449  1347.112  0.390  1.296  0.274  35.395  1502.675  0.352 -9.42 9
1 5445.113  0.147  1.757  0.363  0.547  8.873  1519.536  0.307  1.877  0.203  31.817  1261.381  0.188 2.922 10
1 5389.234  0.136  1.799  0.391  0.486  11.220  1550.871  0.350  2.201  0.294  33.848  1349.860  0.176 2.068 12
1 5945.561  0.179  1.014  0.326  0.434  11.252  1641.282  0.264  2.626  0.279  33.856  1373.524  0.493 -20.118 12
1 5619.727  0.135  1.749  0.360  0.396  10.391  1393.839  0.289  1.688  0.206  34.918  1622.698  0.208 1.794 11
1 6071.987  0.152  1.255  0.328  0.419  10.189  1349.416  0.299  2.082  0.259  34.166  1212.535  0.373 -11.104 10
1 5381.051  0.142  2.340  0.325  0.456  10.061  1553.224  0.301  2.172  0.250  34.589  1294.019  0.17 5.057 9
1 5743.175  0.175  1.946  0.285  0.499  10.983  1510.840  0.313  2.144  0.279  34.941  1290.894  0.186 2.808 11
1 6038.221  0.157  1.194  0.343  0.375  10.748  1861.196  0.311  1.265  0.220  35.279  1430.173  0.403 -12.737 10
1 5795.882  0.101  2.015  0.352  0.491  9.314  1683.482  0.290  2.478  0.222  35.249  1201.929  0.327 -4.315 8
1 5455.811  0.154  1.658  0.332  0.468  10.220  1595.993  0.342  1.583  0.246  35.216  1380.006  0.209 -7.452 12
1 6143.070  0.125  1.223  0.350  0.499  10.204  1538.673  0.287  2.683  0.233  32.929  1591.955  0.388 -11.243 10
1 6243.842  0.109  1.396  0.241  0.483  10.194  1344.315  0.220  2.012  0.299  34.775  1537.867  0.311 -10.228 10
1 6118.375  0.176  1.002  0.344  0.508  9.928  2090.743  0.246  2.863  0.299  32.964  1759.952  0.56 -10.258 9
1 5590.643  0.172  1.580  0.347  0.355  9.943  1707.966  0.257  1.563  0.209  33.651  1204.450  0.29 -7.921 10
1 4712.527  0.155  2.022  0.354  0.455  10.626  1440.299  0.298  2.319  0.247  35.180  1795.244  0.197 6.632 8
1 6071.377  0.124  1.553  0.352  0.556  10.788  1406.657  0.349  2.303  0.277  35.374  1209.766  0.224 -8.99 11
1 5594.479  0.149  1.953  0.356  0.504  8.583  1534.937  0.258  1.602  0.295  34.974  1330.241  0.199 1.804 9
1 5761.726  0.117  1.470  0.280  0.549  10.063  1636.661  0.270  1.510  0.237  35.281  1342.516  0.265 -11.518 11
1 6124.780  0.149  1.134  0.213  0.560  11.757  1891.898  0.261  1.395  0.247  34.584  1410.765  0.433 -13.119 10
1 5862.381  0.127  1.883  0.242  0.466  9.509  1760.382  0.277  1.314  0.210  34.679  1612.913  0.343 -18.035 12
1 6130.918  0.110  1.166  0.386  0.552  10.806  1772.484  0.292  1.995  0.289  32.166  1235.158  0.417 -13.095 10
1 5255.940  0.138  1.515  0.351  0.413  10.612  1520.312  0.295  1.814  0.244  33.763  1289.388  0.243 -4.136 10
1 5577.511  0.174  1.748  0.305  0.514  9.396  1499.205  0.342  2.019  0.257  35.524  1712.072  0.16 2.924 11
1 5724.368  0.143  2.187  0.357  0.509  9.506  1476.395  0.278  2.299  0.212  34.767  1724.426  0.152 5.814 10
1 6268.536  0.150  1.075  0.292  0.459  8.508  1379.252  0.298  1.468  0.255  35.101  1402.878  0.463 -13.982 10
1 5120.031  0.148  1.531  0.277  0.500  9.434  1775.249  0.268  2.028  0.249  32.020  1386.071  0.325 2.917 8
2 5572.837 0.131 1.571 0.336 0.395 11.576 1693.293 0.235 1.977 0.218 34.065 1268.507 0.264 -8.273 11
2 5776.43 0.126 1.702 0.329 0.408 10.345 1502.221 0.242 2.311 0.265 32.871 1221.993 0.193 -3.883 12
2 5059.934 0.161 2.219 0.339 0.441 11.427 1482.038 0.292 1.818 0.255 32.88 1696.438 0.143 7.334 11
2 4859.395 0.15 2.024 0.288 0.49 8.868 2089.146 0.392 1.666 0.286 32.682 1505.485 0.559 3.592 8
2 6150.584 0.106 1.282 0.257 0.434 9.964 1852.594 0.308 2.332 0.26 34.048 1526.063 0.383 -11.378 10
2 5138.417 0.151 2.014 0.348 0.405 11.603 1431.297 0.217 2.217 0.25 31.754 1629.692 0.277 6.966 7
2 6018.774 0.106 1.885 0.345 0.387 11.498 1460.406 0.309 2.035 0.218 34.518 1489.764 0.293 1.915 9
2 6140.709 0.134 1.406 0.271 0.509 9.669 1347.276 0.293 1.826 0.253 35.119 1393.963 0.297 -10.298 9
2 5838.326 0.152 1.221 0.345 0.414 11.103 1693.616 0.402 2.017 0.2 34.825 1396.647 0.389 -11.732 9
2 5205.037 0.193 1.521 0.266 0.483 10.747 1363.071 0.285 1.542 0.212 34.837 1495.253 0.287 -18.583 11
2 5603.394 0.15 1.292 0.277 0.34 8.823 1795.35 0.295 1.677 0.254 34.967 1333.971 0.354 -11.366 10
2 5867.232 0.154 1.515 0.319 0.595 11.508 1689.509 0.265 2.404 0.242 32.558 1235.008 0.261 -6.946 12
2 6197.217 0.153 1.51 0.373 0.523 11.186 1587.916 0.227 1.745 0.257 31.778 1270.241 0.245 -5.38 11
2 4634.686 0.158 2.063 0.347 0.546 9.283 1341.457 0.289 2.212 0.281 35.26 1225.872 0.183 5.477 9
2 4976.791 0.13 1.514 0.357 0.577 9.958 1340.476 0.366 1.901 0.255 33.877 1682.237 0.243 5.254 9
2 4762.88 0.154 1.732 0.392 0.408 11.684 1409.929 0.336 1.68 0.21 35.158 1261.897 0.184 3.112 12
2 5287.555 0.151 1.692 0.35 0.412 8.038 1531.699 0.267 2.126 0.258 35.277 1330.417 0.196 -4.715 10
2 4341.7 0.163 1.669 0.336 0.422 10.812 1507.795 0.329 1.964 0.278 35.049 1465.31 0.165 6.398 11
2 5521.72 0.113 1.439 0.315 0.382 10.963 1640.371 0.293 1.8 0.203 33.996 1503.878 0.28 -8.245 10
2 5751.917 0.14 2.167 0.354 0.523 9.937 1394.919 0.328 1.644 0.216 35.18 1560.239 0.178 4.14 10
2 6251.137 0.103 1.051 0.352 0.356 9.936 1962.164 0.409 2.006 0.262 34.355 1420.361 0.475 -13.8 9
2 6353.841 0.153 1.528 0.268 0.41 10.439 1406.75 0.305 1.633 0.276 32.806 1471.389 0.271 -5.705 10
2 5028.239 0.109 1.802 0.333 0.505 9.846 1593.212 0.298 2.032 0.237 34.042 1605.4 0.273 3.732 9
2 6062.403 0.139 1.205 0.304 0.491 11.303 1920.589 0.31 2.752 0.234 34.745 1374.431 0.433 -19.624 10
2 5832.554 0.157 2.045 0.362 0.429 11.734 1449.698 0.266 2.079 0.206 34.337 1462.576 0.176 4.425 12
2 5002.231 0.188 2.109 0.368 0.505 9.49 1942.234 0.436 1.645 0.252 31.757 1279.211 0.453 5.041 8
3 6004.843 0.151 1.19 0.28 0.406 11.952 1772.167 0.22 1.498 0.218 33.775 1253.497 0.405 -12.842 11
3 5551.451 0.131 1.563 0.277 0.578 11.931 1464.318 0.232 2.332 0.211 35.373 1496.21 0.227 -6.325 11
3 5836.32 0.125 1.813 0.285 0.528 9.912 1594.65 0.281 1.553 0.219 34.218 1238.909 0.224 -6.633 12
3 6207.268 0.104 1.528 0.368 0.397 8.834 1559.695 0.309 1.977 0.254 32.82 1215.933 0.307 -10.555 10
3 5582.167 0.17 2.338 0.326 0.463 10.843 1550.371 0.33 2.234 0.268 35.495 1365.943 0.169 5.435 12
3 5815.509 0.137 1.234 0.355 0.322 11.163 1869.559 0.403 1.974 0.299 33.581 1503.493 0.395 -10.212 9
3 5555.809 0.129 1.621 0.293 0.467 11.576 1365.719 0.329 1.711 0.28 33.297 1468.255 0.19 -2.579 12
3 6328.443 0.124 1.173 0.331 0.579 11.396 1741.926 0.29 1.393 0.202 32.795 1561.612 0.413 -13.252 11
3 5898.35 0.118 1.374 0.289 0.564 11.621 1629.039 0.309 1.185 0.218 33.395 1502.989 0.407 -11.093 10
3 6184.581 0.148 1.285 0.312 0.401 9.663 1597.119 0.35 2.033 0.27 33.971 1503.971 0.358 -9.379 9
3 5683.215 0.134 1.585 0.275 0.421 11.143 1700.808 0.225 1.427 0.208 35.543 1293.147 0.286 -10.386 12
3 4463.685 0.192 1.456 0.356 0.492 10.896 1768.246 0.304 1.294 0.251 35.061 1275.552 0.353 2.091 8
3 6194.146 0.134 1.407 0.35 0.431 8.66 1586.332 0.219 1.979 0.29 35.013 1775.325 0.296 -7.387 10
3 5628.702 0.149 2.578 0.343 0.502 11.553 1732.74 0.329 2.595 0.25 34.076 1268.088 0.298 6.399 8
3 5473.582 0.168 1.981 0.351 0.565 9.003 1439.264 0.258 1.929 0.202 33.918 1615.427 0.192 5.212 10
3 5769.623 0.159 1.619 0.354 0.387 8.061 1609.908 0.319 2.312 0.28 33.586 1773.666 0.226 3.082 11
3 6125.648 0.117 1.135 0.348 0.589 10.882 1632.542 0.4 1.36 0.245 35.143 1496.393 0.432 -13.735 10
3 6295.526 0.118 1.071 0.381 0.524 9.832 1494.481 0.311 1.166 0.257 34.776 1328.774 0.465 -15.241 11
3 6020.368 0.15 1.451 0.215 0.304 11.002 1895.903 0.302 1.143 0.216 32.968 1447.198 0.428 -11.338 10
3 5977.627 0.114 1.726 0.348 0.475 9.372 1601.777 0.261 1.579 0.207 35.548 1253.987 0.24 -9.221 11
3 5611.526 0.134 1.388 0.295 0.561 8.771 1776.383 0.338 1.691 0.23 34.706 1278.613 0.326 -10.615 12
3 4991.327 0.118 1.565 0.264 0.555 10.823 1646.403 0.282 1.971 0.247 34.561 1466.446 0.246 2.209 9
3 4626.235 0.141 1.921 0.315 0.391 9.968 1418.437 0.309 1.996 0.213 31.881 1293.194 0.218 7.921 9
3 6238.564 0.151 1.106 0.277 0.461 9.924 1539.287 0.227 1.501 0.221 33.111 1245.856 0.447 -14.075 10
3 6139.014 0.146 1.524 0.352 0.5 10.286 1485.707 0.23 1.565 0.294 33.529 1546.33 0.238 -7.237 10
3 5537.648 0.132 2.155 0.308 0.435 10.556 1344.775 0.343 1.748 0.266 34.064 1728.013 0.152 5.733 11
3 5724.1 0.177 1.809 0.351 0.578 9.656 1545.496 0.321 1.683 0.229 31.813 1697.42 0.18 4.782 11
3 4833.465 0.147 1.614 0.332 0.417 8.614 1550.128 0.325 2.366 0.212 35.299 1495.499 0.193 3.625 10
3 5722.452 0.127 1.817 0.384 0.569 11.846 1354.546 0.328 2.133 0.219 34.806 1719.572 0.185 3.239 12
3 5461.399 0.139 1.559 0.338 0.486 10.378 1466.593 0.352 2.402 0.278 35.171 1533.829 0.221 -3.8 12
3 5998.443 0.109 1.742 0.216 0.586 11.764 1897.187 0.242 2.438 0.219 31.823 1757.305 0.416 -17.786 12
3 4887.118 0.135 2.138 0.38 0.43 11.724 1411.794 0.281 2.306 0.249 34.415 1387.556 0.172 5.501 11
3 5216.731 0.122 2.098 0.323 0.491 10.521 1380.253 0.294 1.546 0.266 34.274 1278.416 0.227 3.175 10
3 4630.738 0.133 1.375 0.307 0.31 10.294 2064.934 0.295 1.538 0.298 35.408 1353.045 0.541 -16.811 11
3 5306.908 0.118 1.938 0.352 0.495 10.21 1346.908 0.311 1.216 0.294 33.261 1770.527 0.392 -1.513 8
3 6176.419 0.11 1.194 0.227 0.423 11.582 1449.123 0.333 1.775 0.204 35.411 1600.608 0.403 -13.237 12
3 6304.696 0.116 1.343 0.355 0.436 10.32 1493.667 0.21 2.142 0.295 34 1331.035 0.329 -11.051 11
3 6374.479 0.15 1.331 0.266 0.37 9.118 1597.791 0.301 2.938 0.248 33.069 1501.628 0.469 -9.804 8
3 5936.634 0.192 1.041 0.299 0.318 9.488 1407.646 0.453 1.563 0.231 34.382 1218.392 0.51 -20.444 12
3 5542.129 0.16 1.581 0.361 0.499 8.831 1473.459 0.202 1.329 0.253 33.305 1496.458 0.336 -6.779 9
3 5826.592 0.112 1.273 0.283 0.483 11.14 1826.857 0.222 1.988 0.263 35.01 1304.054 0.364 -12.774 11
3 5866.144 0.15 1.279 0.4 0.584 10.613 1362.95 0.246 1.622 0.289 34.43 1324.122 0.361 -11.281 11
3 6171.127 0.102 1.452 0.294 0.362 8.528 1535.501 0.402 1.345 0.238 33.546 1618.915 0.34 -11.551 12
4 6281.351  0.150  1.978  0.250  0.473  10.377  1766.967  0.281  2.002  0.247  33.388  1789.261  0.319 4.293 8
4 5502.779  0.172  1.725  0.313  0.491  9.886  1603.569  0.358  1.849  0.258  35.183  1221.385  0.197 -6.805 11
4 4952.185  0.131  1.834  0.357  0.459  8.222  1684.974  0.293  1.972  0.279  34.374  1348.254  0.257 -1.557 9
4 5986.609  0.130  1.617  0.372  0.432  11.659  1367.164  0.328  2.340  0.253  33.198  1495.304  0.197 -3.936 10
4 5696.591  0.150  1.453  0.345  0.563  10.063  1535.267  0.354  2.182  0.228  35.038  1285.221  0.273 -9.68 9
4 5685.953  0.175  2.016  0.328  0.515  9.425  1388.221  0.322  2.144  0.252  31.929  1357.636  0.167 5.281 10
4 6298.375  0.144  1.502  0.316  0.492  9.267  1631.534  0.366  1.550  0.265  35.306  1562.269  0.26 -9.722 11
4 6195.331  0.152  1.514  0.344  0.545  10.916  1825.743  0.308  2.179  0.202  33.193  1299.845  0.362 -10.644 9
4 4640.562  0.144  1.719  0.389  0.434  9.156  1446.632  0.256  1.857  0.271  35.448  1355.212  0.147 3.865 12
4 5904.096  0.125  1.075  0.328  0.508  11.110  1460.824  0.286  1.374  0.247  35.385  1484.738  0.463 -13.879 10
4 5847.580  0.157  1.886  0.306  0.561  11.783  1510.976  0.274  2.189  0.253  35.269  1483.053  0.178 2.756 11
4 6077.497  0.116  1.256  0.214  0.494  9.892  1997.699  0.292  1.172  0.217  32.337  1311.806  0.491 -13.887 10
4 6084.499  0.156  1.642  0.351  0.448  11.413  1592.877  0.240  1.517  0.256  31.924  1504.204  0.242 -7.919 10
4 6082.499  0.108  1.479  0.361  0.398  8.483  1380.717  0.238  1.524  0.250  34.316  1422.115  0.28 -11.045 11
4 6259.467  0.103  1.371  0.325  0.526  11.041  1434.460  0.229  2.111  0.290  33.395  1234.574  0.315 -12.864 12
4 5807.207  0.130  1.894  0.396  0.422  10.729  1540.122  0.273  2.137  0.240  32.279  1470.727  0.161 -3.705 12
4 5501.745  0.174  1.163  0.212  0.423  10.508  1794.179  0.308  2.360  0.298  34.249  1473.731  0.418 -19.043 11
4 5788.368  0.142  1.712  0.369  0.430  10.793  1372.763  0.354  1.741  0.224  35.027  1535.290  0.18 -6.984 12
4 6317.392  0.120  1.179  0.251  0.417  10.044  1824.313  0.290  1.977  0.298  34.336  1658.169  0.41 -11.922 9
4 5800.260  0.141  1.376  0.319  0.474  8.784  1564.614  0.214  1.296  0.256  33.603  1753.222  0.352 -19.557 12
4 5743.707  0.145  2.022  0.357  0.549  10.068  1577.481  0.285  2.302  0.263  33.612  1668.035  0.177 4.595 9
4 5563.941  0.148  1.226  0.346  0.310  10.848  1577.050  0.311  2.299  0.247  35.122  1326.739  0.387 -10.727 8
4 5379.023  0.107  1.311  0.355  0.329  10.841  1676.652  0.362  2.006  0.282  34.966  1216.152  0.345 -10.723 10
4 6365.103  0.162  1.234  0.241  0.490  11.183  1702.727  0.261  1.492  0.248  34.588  1339.393  0.383 -12.542 10
4 5819.935  0.152  1.559  0.300  0.530  11.043  1373.508  0.237  2.484  0.244  35.274  1210.800  0.242 -9.222 11
4 6061.530  0.118  1.311  0.294  0.513  9.126  1502.002  0.300  1.628  0.213  35.438  1239.508  0.345 -13.443 11
4 5884.000  0.166  1.827  0.344  0.333  9.376  1633.658  0.298  1.367  0.247  35.268  1498.733  0.334 -6.426 8
4 6371.773  0.148  1.413  0.367  0.351  11.082  1895.084  0.304  1.118  0.244  35.593  1214.831  0.441 -12.823 10
4 5004.851  0.170  2.277  0.393  0.498  9.453  1358.001  0.288  2.017  0.225  32.104  1725.177  0.15 8.917 9
5 6259.254  0.187  1.628  0.341  0.444  9.253  1364.225  0.301  2.880  0.297  35.114  1203.831  0.44 -18.856 11
5 6179.519  0.119  1.118  0.297  0.509  10.939  1980.689  0.293  2.302  0.210  32.365  1392.850  0.478 -14.182 10
5 6068.074  0.140  1.463  0.389  0.423  9.338  1784.934  0.331  1.866  0.230  33.839  1733.383  0.332 -18.861 12
5 5734.434  0.142  1.641  0.351  0.426  9.110  1658.907  0.323  2.288  0.218  35.474  1673.749  0.238 -8.974 11
5 5684.248  0.149  1.446  0.343  0.552  10.251  1466.334  0.246  2.003  0.217  35.330  1317.677  0.277 -10.632 9
5 5862.041  0.149  1.938  0.383  0.482  10.924  1521.001  0.254  1.975  0.208  33.808  1407.246  0.172 2.456 10
5 5063.475  0.115  1.984  0.333  0.432  9.326  1462.139  0.294  1.467  0.202  34.784  1504.759  0.266 1.922 9
5 6276.415  0.108  1.481  0.281  0.368  11.794  1541.923  0.391  1.985  0.296  35.572  1256.977  0.303 -11.577 11
5 4910.970  0.113  1.401  0.217  0.393  8.859  1862.747  0.209  1.185  0.231  33.590  1499.967  0.407 -16.995 11
5 5492.904  0.153  1.086  0.343  0.508  11.102  2031.216  0.353  1.162  0.298  32.891  1497.525  0.516 -12.214 8
5 4999.040  0.147  2.608  0.362  0.489  9.402  1547.629  0.323  2.179  0.252  33.650  1660.958  0.304 8.222 8
5 5759.377  0.125  1.534  0.295  0.596  10.393  1594.860  0.268  1.708  0.273  34.839  1492.935  0.233 -10.21 12
5 6141.443  0.107  1.590  0.290  0.382  8.046  1807.128  0.426  2.462  0.282  35.241  1563.887  0.42 -19.032 12
5 6298.778  0.150  1.408  0.258  0.379  11.700  1655.663  0.318  1.921  0.262  35.499  1540.128  0.296 -10.666 11
5 5525.236  0.186  1.336  0.353  0.351  10.862  1571.699  0.372  2.929  0.259  34.178  1613.981  0.464 -19.013 11
5 5643.248  0.128  1.656  0.325  0.587  11.552  1489.139  0.355  1.517  0.298  33.133  1396.290  0.242 -10.229 12
5 6313.154  0.152  1.107  0.223  0.495  8.008  1656.099  0.475  1.030  0.296  32.334  1316.879  0.583 -14.479 10
5 4424.280  0.163  2.368  0.294  0.588  8.265  1631.502  0.279  1.980  0.247  35.287  1505.111  0.218 6.132 9
5 6005.794  0.102  1.243  0.308  0.349  10.217  1422.035  0.293  1.343  0.216  34.909  1218.951  0.378 -14.429 11
5 6166.515  0.106  1.420  0.344  0.535  11.373  1463.983  0.206  1.997  0.252  33.264  1348.493  0.313 -13.268 9
5 5008.832  0.153  1.119  0.356  0.350  10.362  1551.435  0.292  1.090  0.273  35.362  1609.618  0.455 -9.241 8
5 5626.378  0.172  1.701  0.379  0.449  9.890  1586.937  0.307  2.340  0.291  34.202  1414.091  0.184 -4.839 11
5 4747.260  0.153  1.998  0.357  0.572  11.413  1860.762  0.252  2.029  0.204  35.154  1618.217  0.389 2.892 8
5 5870.207  0.118  1.302  0.215  0.598  9.945  1425.947  0.243  1.525  0.253  35.061  1259.989  0.386 -13.899 10
5 4527.019  0.134  2.029  0.347  0.571  10.730  1457.936  0.312  2.302  0.227  32.792  1740.543  0.16 8.631 10
5 6133.015  0.113  1.582  0.398  0.592  11.776  1677.747  0.229  2.335  0.219  35.196  1207.966  0.252 -11.44 12
5 5555.936  0.168  2.257  0.386  0.507  10.103  1423.680  0.273  1.900  0.225  35.163  1538.861  0.129 5.201 11
5 6116.969  0.130  1.978  0.292  0.464  11.252  1395.868  0.282  2.034  0.206  31.718  1592.453  0.223 4.557 9
5 5995.576  0.114  1.804  0.260  0.546  8.113  1693.311  0.286  1.778  0.275  34.697  1516.675  0.264 -18.478 12
5 5126.225  0.172  2.253  0.381  0.511  8.480  1596.120  0.301  2.158  0.274  31.714  1227.506  0.191 6.3 9
5 5544.655  0.123  1.452  0.390  0.497  11.593  1617.229  0.281  2.052  0.203  34.938  1345.178  0.274 -10.63 11
5 6318.267  0.189  1.647  0.354  0.503  10.961  1489.367  0.290  2.488  0.208  33.399  1687.873  0.264 2.817 9
5 5556.478  0.121  1.859  0.314  0.394  8.701  1615.788  0.356  1.656  0.231  32.386  1478.408  0.212 -7.413 12
6 6241.336  0.163  1.578  0.306  0.452  9.519  1493.110  0.371  1.758  0.237  32.793  1510.216  0.248 -6.32 12
6 5259.093  0.156  1.766  0.359  0.501  10.320  1360.609  0.287  2.189  0.249  31.771  1406.978  0.117 5.616 9
6 6039.704  0.103  1.404  0.366  0.401  8.071  1513.252  0.249  1.634  0.204  32.509  1255.775  0.313 -11.874 12
6 5278.912  0.150  1.478  0.306  0.398  10.494  1385.753  0.344  2.018  0.262  34.927  1357.303  0.261 -4.44 10
6 5486.714  0.152  1.623  0.372  0.416  9.867  1645.277  0.309  1.471  0.286  34.600  1633.630  0.264 -6.608 10
6 5391.229  0.135  2.022  0.332  0.420  10.107  1471.532  0.321  1.919  0.229  33.375  1379.194  0.16 3.866 11
6 5751.105  0.151  1.370  0.330  0.599  9.451  1733.358  0.303  1.986  0.256  33.727  1673.813  0.315 -7.689 9
6 6010.168  0.135  1.414  0.393  0.535  9.748  1476.492  0.310  2.296  0.250  31.730  1612.390  0.293 -7.633 9
6 6086.549  0.176  1.484  0.318  0.588  9.663  1415.702  0.371  1.522  0.234  34.165  1585.040  0.258 -6.781 12
6 6318.181  0.114  1.396  0.285  0.471  8.388  1375.753  0.211  2.341  0.287  32.799  1291.636  0.302 -10.959 12
6 6208.655  0.132  2.202  0.261  0.489  8.464  1345.089  0.350  1.672  0.253  31.753  1459.353  0.254 6.394 8
6 5571.675  0.175  1.348  0.360  0.493  9.090  1544.806  0.364  1.904  0.206  34.788  1225.424  0.326 -10.045 11
6 5084.737  0.138  2.021  0.350  0.569  11.085  1549.727  0.242  1.616  0.221  32.717  1650.235  0.193 4.693 10
6 5003.064  0.116  2.182  0.347  0.490  9.997  1425.904  0.451  1.971  0.238  34.916  1707.697  0.503 6.026 7
6 4697.374  0.172  2.062  0.363  0.495  11.092  1424.931  0.300  2.344  0.213  34.934  1307.819  0.172 5.425 10
6 6220.302  0.118  1.369  0.282  0.449  9.210  1596.381  0.220  2.025  0.279  34.553  1525.540  0.316 -9.874 11
6 6246.873  0.108  1.196  0.347  0.357  9.970  1909.908  0.261  1.512  0.251  33.756  1328.291  0.425 -13.263 9
6 5763.056  0.127  1.752  0.295  0.493  10.016  1776.785  0.248  1.578  0.217  35.125  1379.154  0.326 -7.821 10
6 5995.153  0.181  1.313  0.343  0.455  8.122  1639.211  0.297  1.611  0.248  34.180  1777.567  0.344 -7.728 9
6 4934.870  0.156  1.591  0.344  0.366  8.072  1906.604  0.304  2.310  0.253  35.523  1504.552  0.423 -4.275 8
6 5416.152  0.162  1.395  0.208  0.439  10.741  1572.613  0.396  2.403  0.230  34.908  1729.202  0.406 -19.133 12
6 5688.324  0.118  1.542  0.351  0.402  11.619  1453.671  0.328  2.306  0.260  35.112  1618.137  0.229 -6.121 11
6 5415.496  0.147  1.434  0.205  0.469  9.347  1520.917  0.356  1.917  0.249  35.509  1502.705  0.414 -8.015 9
6 5530.855  0.104  2.061  0.269  0.549  10.220  1799.582  0.383  1.329  0.250  31.748  1535.279  0.343 -16.753 10
6 5680.465  0.128  1.739  0.359  0.410  11.719  1409.478  0.362  1.687  0.268  35.367  1563.177  0.207 -5.139 12
6 5421.287  0.186  2.226  0.349  0.500  9.934  1639.972  0.401  1.665  0.202  31.710  1253.652  0.337 5.989 8
6 5791.648  0.170  1.624  0.275  0.416  9.953  1576.062  0.234  1.503  0.282  33.638  1228.019  0.249 -6.616 11
6 6398.306  0.137  1.490  0.274  0.544  10.940  1595.568  0.307  2.115  0.217  32.149  1331.000  0.28 -9.058 11
6 5893.965  0.167  1.883  0.355  0.487  8.055  1457.340  0.295  2.030  0.202  35.019  1242.240  0.195 2.172 9
6 5798.915  0.110  1.444  0.322  0.535  9.949  1752.185  0.286  2.266  0.287  35.350  1765.807  0.308 -9.077 11
7 6052.505  0.104  1.415  0.347  0.328  10.286  1784.646  0.251  1.255  0.246  34.239  1436.717  0.373 -12.225 11
7 6007.825  0.132  1.556  0.286  0.440  10.353  1613.934  0.312  1.985  0.239  35.429  1569.661  0.222 -8.114 11
7 5873.658  0.129  1.632  0.277  0.427  9.974  1380.052  0.335  2.037  0.248  34.180  1491.680  0.209 -4.7 9
7 5799.501  0.185  1.560  0.218  0.435  10.822  1901.304  0.420  1.276  0.215  34.915  1564.676  0.419 -18.023 12
7 4996.082  0.186  2.329  0.345  0.506  10.246  1380.985  0.292  2.417  0.254  32.262  1297.939  0.24 8.343 8
7 6224.245  0.100  1.241  0.280  0.586  10.527  1501.752  0.230  2.364  0.299  33.438  1382.929  0.379 -13.157 12
7 6001.829  0.109  1.539  0.322  0.362  8.519  1609.181  0.263  2.276  0.206  34.092  1288.885  0.276 -9.153 12
7 6189.407  0.171  1.534  0.324  0.422  11.852  2005.009  0.393  2.955  0.272  34.841  1253.737  0.496 -18.05 12
7 5788.782  0.129  1.746  0.378  0.481  11.236  1555.883  0.263  2.295  0.217  33.895  1295.277  0.161 -4.219 12
7 6276.108  0.149  1.213  0.272  0.491  9.100  1818.231  0.297  1.670  0.293  35.039  1551.573  0.393 -11.643 9
7 6224.140  0.106  1.475  0.314  0.574  9.081  1545.566  0.377  2.238  0.255  34.756  1311.636  0.293 -9.936 12
7 5512.816  0.146  1.726  0.364  0.431  10.344  1381.480  0.306  2.143  0.237  35.467  1447.755  0.138 1.818 11
7 6350.660  0.105  1.245  0.207  0.440  9.998  1482.452  0.333  1.882  0.233  32.677  1439.880  0.409 -13.329 11
7 6070.495  0.116  1.411  0.307  0.393  11.308  1462.292  0.305  1.745  0.244  32.027  1700.624  0.294 -9.755 11
7 5871.517  0.149  1.148  0.233  0.495  11.761  1804.697  0.249  1.311  0.290  33.827  1267.629  0.426 -12.806 10
7 5661.469  0.108  1.438  0.289  0.414  8.279  1811.214  0.299  1.976  0.230  34.676  1436.910  0.352 -10.278 10
7 5912.010  0.152  1.392  0.351  0.491  9.428  1665.019  0.219  2.345  0.270  34.381  1516.402  0.304 -8.447 9
7 6051.865  0.119  1.250  0.328  0.510  8.930  1788.374  0.207  1.949  0.270  33.417  1337.631  0.375 -13.156 11
7 5032.423  0.151  1.351  0.240  0.523  11.598  2078.388  0.232  1.786  0.289  35.529  1728.986  0.551 -18.083 11
7 6379.760  0.151  1.224  0.378  0.473  10.022  1353.024  0.200  2.049  0.289  31.743  1574.133  0.388 -10.347 9
7 6352.952  0.103  1.230  0.389  0.444  11.913  1354.862  0.214  1.943  0.256  33.843  1347.907  0.385 -13.327 12
7 5134.975  0.150  1.267  0.369  0.403  8.939  1630.342  0.301  1.586  0.249  34.533  1501.203  0.367 -5.976 8
7 5421.261  0.151  1.572  0.397  0.568  8.534  1660.648  0.267  1.537  0.220  34.739  1205.397  0.239 -9.126 11
7 5815.251  0.113  2.038  0.341  0.436  9.660  1943.087  0.343  1.700  0.255  35.385  1650.064  0.45 -17.625 11
7 6043.556  0.117  1.784  0.342  0.508  10.996  1379.893  0.318  1.476  0.253  32.833  1582.676  0.262 -6.458 10
7 6080.920  0.121  1.308  0.254  0.423  10.028  1630.961  0.239  2.353  0.244  33.568  1431.772  0.346 -12.218 11
7 6394.210  0.127  1.529  0.343  0.330  10.228  1938.521  0.311  2.003  0.247  34.610  1261.567  0.447 -9.753 8
7 5297.209  0.162  2.053  0.353  0.479  9.665  1446.290  0.277  1.965  0.216  32.392  1520.574  0.136 6.397 10
7 5313.301  0.128  1.670  0.338  0.520  9.619  1447.196  0.312  2.018  0.250  34.183  1374.726  0.165 2.026 10
7 5977.111  0.127  1.504  0.352  0.351  10.685  1350.702  0.362  1.394  0.217  33.407  1213.407  0.303 -11.689 11
7 5589.926  0.149  1.238  0.349  0.315  8.712  1445.521  0.401  1.404  0.288  35.416  1620.901  0.381 -10.366 10
7 6036.667  0.174  1.613  0.392  0.542  9.606  1436.888  0.290  1.608  0.272  35.244  1332.528  0.207 -7.624 11
7 5213.303  0.138  1.879  0.368  0.572  8.747  1497.261  0.310  2.037  0.276  34.979  1631.563  0.144 3.548 10
7 5426.794  0.126  1.486  0.304  0.409  9.297  1622.477  0.309  1.431  0.250  35.530  1520.943  0.284 -9.719 10
7 5800.045  0.117  1.210  0.372  0.576  11.273  1731.415  0.383  1.587  0.209  35.464  1225.124  0.395 -13.716 12
7 4626.110  0.162  2.026  0.357  0.504  11.070  1422.808  0.254  1.936  0.260  33.549  1393.635  0.153 6.737 9
7 6156.348  0.127  1.252  0.348  0.334  10.612  1384.489  0.419  1.075  0.251  32.748  1431.172  0.463 -13.564 10
7 5875.511  0.120  1.529  0.342  0.525  11.189  1561.578  0.274  2.046  0.277  31.891  1363.596  0.236 -8.661 12
8 5743.04 0.101 1.454 0.355 0.371 10.229 1650.974 0.234 2.019 0.208 31.733 1377.768 0.327 -8.804 9
8 5517.897 0.124 1.513 0.341 0.45 9.004 1454.928 0.298 1.3 0.223 32.164 1563.068 0.35 -18.251 11
8 6283.521 0.158 1.46 0.294 0.504 8.324 1462.839 0.33 2.282 0.202 31.774 1513.784 0.27 -4.787 10
8 5536.258 0.143 1.159 0.27 0.445 10.065 1345.461 0.396 1.992 0.242 35.323 1275.632 0.42 -20.027 9
8 5931.2 0.136 2.678 0.215 0.403 9.94 1823.967 0.31 2.4 0.247 35.081 1497.921 0.386 6.389 8
8 5938.656 0.154 1.175 0.355 0.514 8.626 1371.73 0.206 2.888 0.224 34.109 1599.188 0.444 -20.543 11
8 5794.741 0.149 1.483 0.343 0.374 9.947 1896.075 0.306 2.873 0.295 31.802 1260.587 0.437 -6.014 8
8 6100.006 0.132 1.492 0.394 0.428 11.258 1715.252 0.304 1.423 0.234 34.708 1272.681 0.288 -10.853 11
8 5892.095 0.147 1.169 0.309 0.51 9.449 1546.16 0.489 1.969 0.25 31.818 1259.081 0.63 -9.86 8
8 5381.516 0.176 1.546 0.386 0.492 9.513 1430.057 0.297 1.897 0.208 32.811 1235.361 0.227 1.907 10
8 5060.762 0.174 1.882 0.333 0.415 9.676 1495.98 0.256 1.98 0.297 35.081 1343.376 0.188 3.119 11
8 5686.777 0.176 1.358 0.396 0.494 10.495 1765.9 0.227 1.489 0.282 33.201 1200.757 0.321 -11.215 11
8 6308.901 0.119 1.435 0.317 0.472 11.072 1407.531 0.325 2.501 0.263 35.546 1447.701 0.282 -9.436 12
8 6176.471 0.127 1.595 0.337 0.574 10.93 1616.067 0.237 2.347 0.226 34.562 1363.496 0.235 -7.665 12
8 6211.639 0.123 1.682 0.385 0.435 9.671 1471.071 0.29 1.567 0.282 33.5 1257.228 0.242 -7.663 11
8 4654.42 0.152 2.104 0.35 0.472 8.585 1623.619 0.299 1.584 0.298 34.898 1553.344 0.212 4.78 9
8 6390.699 0.109 1.43 0.266 0.569 11.595 1675.411 0.314 2.427 0.246 34.245 1479.166 0.285 -9.666 12
8 6242.137 0.126 1.321 0.357 0.5 8.938 1528.573 0.333 1.275 0.234 34.549 1294.626 0.363 -12.614 10
8 6031.475 0.106 1.344 0.331 0.588 11.867 1752.163 0.284 2.373 0.285 32.491 1327.131 0.328 -11.332 12
8 5488.214 0.167 1.623 0.297 0.514 8.725 1396.141 0.364 1.817 0.224 35.348 1425.464 0.213 -4.436 12
8 5930.884 0.149 1.298 0.399 0.464 11.132 1705.201 0.28 2.361 0.247 32.359 1654.203 0.351 -9.389 10
8 5385.439 0.179 1.644 0.352 0.416 9.099 1396.829 0.289 2.218 0.232 33.677 1263.466 0.193 2.119 10
8 5935.76 0.153 1.973 0.218 0.337 10.887 1883.868 0.308 1.971 0.246 34.65 1760.176 0.406 3.489 8
8 4922.739 0.13 1.687 0.391 0.574 10.856 1549.085 0.305 2.056 0.251 34.475 1435.007 0.156 3.215 10
9 6289.913  0.102  1.544  0.341  0.479  11.497  1472.255  0.310  1.545  0.216  35.247  1261.985  0.32 -11.257 11
9 5937.277  0.156  1.491  0.264  0.510  10.005  1516.245  0.212  1.812  0.219  33.965  1281.084  0.293 -8.184 10
9 5576.198  0.158  1.489  0.337  0.496  9.104  1589.464  0.245  1.584  0.238  33.049  1660.988  0.255 -8.203 11
9 5898.195  0.188  1.229  0.356  0.419  11.718  1887.858  0.290  1.148  0.210  33.659  1494.457  0.426 -11.557 9
9 5666.927  0.155  1.770  0.352  0.569  10.595  1549.880  0.234  1.660  0.266  32.666  1390.731  0.22 -5.751 11
9 5902.802  0.116  1.353  0.347  0.493  11.696  1517.633  0.277  1.315  0.224  32.198  1755.254  0.343 -10.91 10
9 5908.682  0.157  1.651  0.399  0.554  8.494  1576.194  0.303  1.968  0.224  31.890  1753.763  0.182 3.626 10
9 4417.685  0.152  2.405  0.356  0.306  8.620  1462.243  0.289  2.000  0.259  33.943  1306.524  0.388 7.521 8
9 5246.223  0.132  1.971  0.325  0.536  11.039  1475.880  0.299  2.266  0.228  32.689  1250.085  0.167 4.229 10
9 5652.336  0.153  1.436  0.312  0.546  11.332  1781.197  0.301  1.798  0.290  33.014  1245.912  0.329 -10.892 10
9 4795.318  0.140  1.979  0.292  0.500  11.702  1417.243  0.320  2.010  0.283  34.688  1783.669  0.189 5.938 9
9 6354.546  0.162  1.524  0.301  0.500  10.553  1558.422  0.333  1.478  0.299  32.126  1293.350  0.271 -9.155 11
9 4940.361  0.187  2.034  0.357  0.396  11.295  1343.152  0.293  2.873  0.251  35.378  1791.395  0.437 6.797 7
9 5983.876  0.107  1.265  0.355  0.537  9.787  1441.031  0.217  1.223  0.298  34.848  1712.840  0.388 -12.913 11
9 6155.206  0.154  1.593  0.373  0.524  9.288  1361.774  0.296  1.646  0.211  34.120  1440.541  0.231 -6.739 11
9 6392.131  0.175  2.008  0.265  0.508  11.100  1724.411  0.293  1.190  0.252  33.826  1512.715  0.405 -3.223 8
9 5098.898  0.150  1.185  0.241  0.399  11.436  1489.929  0.284  1.962  0.291  32.472  1203.661  0.407 -17.137 10
9 5671.713  0.136  1.434  0.367  0.556  11.525  1467.410  0.346  1.625  0.279  33.127  1256.559  0.283 -10.713 12
9 5771.648  0.143  1.435  0.270  0.443  9.721  1651.425  0.262  1.618  0.233  33.760  1437.457  0.282 -10.123 12
9 5995.164  0.197  1.199  0.371  0.537  9.461  1340.495  0.387  1.465  0.250  31.725  1419.865  0.4 -10.315 9
9 6061.729  0.146  1.655  0.257  0.386  11.563  1588.484  0.302  1.977  0.272  35.565  1566.425  0.266 -7.779 10
9 5684.313  0.136  1.840  0.354  0.482  9.657  1392.389  0.265  2.171  0.231  35.473  1361.369  0.137 -3.086 11
9 4533.766  0.141  2.128  0.262  0.419  9.945  1725.755  0.292  1.519  0.258  34.856  1496.306  0.288 4.479 9
9 5691.603  0.128  1.342  0.311  0.390  9.954  1650.708  0.392  1.337  0.257  34.637  1313.645  0.332 -12.463 11
9 5493.385  0.143  1.544  0.349  0.417  11.028  1744.183  0.304  1.621  0.253  35.402  1439.097  0.302 -9.949 9
9 5202.347  0.131  1.518  0.382  0.526  11.743  1720.375  0.222  2.239  0.235  35.480  1561.399  0.284 -18.768 12
9 5926.749  0.125  1.462  0.318  0.389  10.720  1461.734  0.348  1.802  0.243  32.971  1553.734  0.269 -9.871 12
9 6322.512  0.164  1.405  0.314  0.469  8.429  1709.003  0.310  1.653  0.247  33.207  1636.815  0.297 -9.299 10
9 5819.584  0.152  2.323  0.375  0.435  10.001  1584.262  0.298  1.609  0.277  35.464  1660.440  0.196 4.709 9
9 5800.769  0.149  1.893  0.291  0.450  11.060  1661.080  0.232  1.679  0.248  35.001  1245.148  0.24 -5.156 10
9 6386.324  0.102  1.259  0.349  0.548  11.631  1857.217  0.414  2.214  0.232  34.454  1322.317  0.386 -12.872 11
10 6362.762  0.149  1.060  0.350  0.515  11.023  1556.360  0.268  1.513  0.229  32.965  1624.959  0.47 -14.212 10
10 4309.145  0.124  1.871  0.352  0.529  9.004  1456.835  0.292  2.027  0.270  34.036  1273.519  0.173 6.792 9
10 6358.627  0.126  1.173  0.353  0.381  9.598  1862.880  0.277  2.045  0.250  35.019  1487.039  0.413 -13.009 10
10 6119.380  0.167  1.390  0.313  0.480  10.433  1342.962  0.290  1.764  0.288  32.752  1370.723  0.305 -10.882 10
10 4712.196  0.145  2.064  0.321  0.466  9.800  1340.892  0.307  1.943  0.256  33.068  1632.943  0.089 7.29 10
10 5923.215  0.114  1.460  0.350  0.542  11.034  1537.521  0.291  1.599  0.283  32.935  1666.561  0.27 -10.737 10
10 4629.940  0.159  2.037  0.386  0.518  9.396  1536.062  0.253  1.924  0.283  32.669  1303.076  0.157 5.865 11
10 4994.523  0.109  1.690  0.271  0.355  11.336  1717.739  0.305  2.211  0.252  34.102  1778.709  0.29 3.117 9
10 5375.017  0.167  1.745  0.376  0.534  9.961  1587.755  0.259  1.790  0.236  33.500  1780.829  0.187 2.871 11
10 5411.955  0.150  2.101  0.350  0.599  8.979  1612.555  0.228  1.981  0.299  32.324  1258.014  0.24 4.299 9
10 4550.187  0.152  1.834  0.314  0.590  11.822  1344.210  0.221  1.984  0.248  33.884  1308.319  0.263 5.987 8
10 5758.973  0.120  1.634  0.363  0.412  9.925  1619.368  0.291  1.859  0.204  34.886  1293.037  0.208 -9.724 10
10 5750.462  0.101  1.195  0.354  0.460  11.408  1856.828  0.305  1.157  0.282  33.231  1484.856  0.421 -13.23 10
10 5450.948  0.184  1.479  0.248  0.489  10.051  1563.433  0.327  1.431  0.275  32.149  1502.894  0.291 -7.992 9
10 6082.968  0.147  2.208  0.228  0.500  9.689  1341.104  0.214  2.012  0.240  34.489  1586.744  0.349 5.086 8
10 6070.921  0.103  1.428  0.321  0.444  10.097  1624.336  0.309  1.793  0.268  32.729  1514.396  0.313 -11.752 11
10 5169.768  0.120  2.025  0.362  0.336  10.040  1827.399  0.297  1.780  0.247  33.831  1505.800  0.364 2.115 8
10 5881.666  0.160  1.341  0.336  0.574  9.978  1347.985  0.289  1.969  0.269  33.630  1226.332  0.33 -12.394 9
10 5245.488  0.104  1.728  0.288  0.319  8.926  1437.462  0.268  1.133  0.252  34.970  1435.061  0.433 -18.776 11
10 5524.247  0.131  1.892  0.348  0.471  9.529  1344.856  0.286  1.925  0.204  32.773  1431.275  0.184 3.25 10
10 4736.901  0.143  2.086  0.308  0.490  10.363  1361.668  0.326  1.847  0.212  32.218  1306.448  0.152 6.819 11
10 5596.316  0.161  2.311  0.344  0.556  8.987  1582.356  0.246  1.873  0.209  31.849  1368.174  0.181 5.607 11
10 6161.128  0.126  1.340  0.251  0.407  9.905  1787.132  0.328  2.110  0.272  33.765  1214.476  0.334 -14.269 12
10 5126.674  0.152  1.725  0.357  0.480  10.752  1617.026  0.242  2.229  0.210  35.292  1414.780  0.207 -4.924 10
10 6066.275  0.148  1.215  0.395  0.495  9.984  1480.771  0.211  1.030  0.294  31.948  1703.341  0.485 -12.728 9
10 5621.831  0.139  1.565  0.326  0.445  8.427  1654.867  0.222  1.982  0.241  33.079  1278.926  0.26 -10.318 11
10 5044.192  0.167  1.521  0.283  0.550  10.523  1752.019  0.219  1.165  0.290  33.107  1613.381  0.417 -17.169 12
10 5825.920  0.122  1.463  0.321  0.517  11.209  1479.967  0.250  1.527  0.272  33.656  1266.714  0.268 -12.43 12
10 5562.869  0.122  1.292  0.399  0.388  9.683  1753.626  0.403  2.315  0.286  34.887  1286.777  0.354 -15.895 12
10 5946.043  0.178  1.251  0.319  0.490  9.940  1492.021  0.409  1.465  0.225  32.489  1234.334  0.375 -12.425 10
10 5785.022  0.168  1.126  0.320  0.334  9.992  2012.986  0.353  1.355  0.218  31.876  1502.556  0.502 -14.872 10
10 5660.249  0.140  1.958  0.394  0.449  10.230  1361.226  0.325  2.337  0.212  34.252  1681.982  0.169 4.493 12
10 6053.748  0.103  1.354  0.364  0.548  10.871  1634.506  0.290  1.910  0.259  34.746  1223.542  0.323 -13.974 11
10 5683.641  0.101  1.470  0.284  0.380  11.414  1740.760  0.404  1.984  0.273  32.204  1739.499  0.347 -15.437 11
10 5749.990  0.154  1.801  0.327  0.399  10.030  1398.659  0.273  1.761  0.272  34.695  1404.564  0.202 -4.49 11
