run max_rpm damping_rate_full_throttle damping_rate_zero_throttle_clutch_engaged damping_rate_zero_throttle_clutch_disengaged gear_switch_time clutch_strength mass drag_coefficient tire_friction damping_rate radius max_brake_torque min_maximum_change min_distance_velocity min_change_para
1 5817.220 0.130 1.630 0.364 0.440 10.170 1421.364 0.283 2.254 0.250 34.796 1363.960 0.185 -19.485 11
1 5815.574 0.149 1.165 0.328 0.499 10.036 1516.657 0.305 2.019 0.251 35.525 1214.871 0.417 -20.639 6
1 4996.050 0.148 1.091 0.343 0.495 9.967 1627.203 0.294 1.976 0.250 35.378 1321.078 0.455 -18.19 4
1 5000.281 0.152 1.991 0.344 0.495 10.068 1631.099 0.293 2.020 0.251 35.359 1201.823 0.217 2.049 3
1 4999.826 0.148 2.015 0.355 0.495 10.037 1462.878 0.294 1.976 0.250 34.896 1363.056 0.101 3.938 3
1 5005.198 0.149 1.156 0.343 0.499 10.036 1630.289 0.293 2.032 0.251 35.414 1201.716 0.422 -8.01 4
1 5003.764 0.148 1.097 0.343 0.495 9.944 1631.100 0.294 2.020 0.251 35.370 1204.438 0.452 -18.184 4
1 5839.105 0.132 1.373 0.341 0.504 9.921 1514.354 0.294 2.022 0.251 34.749 1272.747 0.314 -20.092 8
1 6388.969 0.134 1.535 0.343 0.489 10.073 1414.484 0.294 2.395 0.251 34.744 1202.275 0.278 -19.74 7
1 5113.922 0.149 1.784 0.343 0.462 10.071 1462.878 0.314 2.006 0.254 34.722 1330.850 0.113 2.489 8
1 5000.297 0.148 1.219 0.346 0.495 9.968 1624.762 0.299 1.971 0.251 35.492 1246.577 0.39 -7.282 4
1 4997.871 0.149 1.772 0.344 0.501 9.971 1533.801 0.298 1.981 0.249 35.400 1297.898 0.145 -1.034 4
1 5000.285 0.148 1.625 0.354 0.495 9.950 1631.148 0.293 2.020 0.251 35.359 1201.823 0.217 -5.71 4
1 5644.526 0.152 1.777 0.345 0.501 10.071 1496.865 0.300 2.017 0.250 35.395 1321.776 0.129 -18.67 5
1 4998.590 0.148 1.826 0.355 0.495 10.036 1462.878 0.294 1.976 0.250 34.896 1342.078 0.105 2.994 4
1 5113.413 0.148 1.825 0.355 0.495 10.036 1462.878 0.312 1.976 0.254 34.896 1342.078 0.105 2.498 7
1 5089.537 0.152 1.780 0.345 0.496 10.074 1492.185 0.306 2.019 0.260 35.336 1327.524 0.115 1.921 6
1 5089.537 0.148 1.773 0.346 0.491 10.071 1492.185 0.306 2.018 0.251 35.336 1327.524 0.115 1.953 5
1 5120.940 0.153 1.772 0.355 0.504 9.671 1466.812 0.306 1.985 0.246 35.354 1332.114 0.115 1.872 7
1 5000.282 0.149 1.635 0.345 0.495 10.070 1556.143 0.296 1.980 0.251 35.376 1239.103 0.182 -4.219 4
1 4997.862 0.148 1.777 0.345 0.508 10.066 1499.625 0.297 2.018 0.247 35.378 1249.719 0.167 -1.44 4
1 5005.161 0.149 1.187 0.343 0.499 9.974 1624.813 0.300 1.971 0.251 35.413 1246.216 0.406 -7.659 4
1 5629.823 0.133 1.774 0.345 0.504 10.073 1499.272 0.297 1.790 0.251 35.395 1321.628 0.126 -6.021 7
1 5000.296 0.148 1.642 0.345 0.495 10.076 1520.150 0.300 1.980 0.251 35.376 1246.488 0.179 -3.261 4
1 5000.285 0.149 1.218 0.343 0.499 9.948 1633.411 0.294 2.020 0.251 35.359 1215.333 0.391 -7.356 4
1 4997.822 0.149 1.995 0.345 0.501 10.027 1556.286 0.306 1.980 0.249 35.401 1271.386 0.161 2.748 3
1 5000.285 0.148 1.619 0.354 0.495 9.949 1566.667 0.293 2.020 0.251 35.359 1201.823 0.199 -4.916 4
1 4995.970 0.148 1.976 0.343 0.495 9.968 1624.602 0.306 1.973 0.251 35.353 1207.227 0.212 2.158 3
1 5121.062 0.153 1.772 0.355 0.504 9.671 1467.237 0.306 1.773 0.251 35.353 1325.692 0.116 -2.37 7
1 5121.062 0.153 1.772 0.353 0.504 10.072 1496.403 0.306 1.773 0.251 35.413 1325.698 0.117 -3.309 6
1 5846.004 0.151 1.625 0.343 0.495 9.947 1418.695 0.306 1.666 0.251 35.369 1215.076 0.19 -19.364 6
1 4997.862 0.149 2.008 0.344 0.509 9.963 1520.043 0.300 1.981 0.249 35.377 1297.450 0.135 2.959 3
1 5653.154 0.132 1.774 0.345 0.495 10.067 1499.466 0.297 2.043 0.251 35.395 1321.745 0.131 -18.91 7
1 4996.050 0.149 1.183 0.344 0.495 9.968 1624.752 0.306 1.973 0.251 35.353 1214.785 0.408 -7.891 4
1 4997.812 0.149 2.010 0.345 0.504 10.026 1571.335 0.306 2.000 0.251 35.391 1245.926 0.173 2.592 3
1 5000.285 0.148 1.619 0.354 0.495 9.949 1566.667 0.293 2.019 0.251 35.359 1202.459 0.198 -4.673 4
1 5120.940 0.153 1.771 0.355 0.504 9.671 1467.237 0.306 1.861 0.246 35.353 1331.738 0.115 -2.21 8
1 4999.813 0.152 2.011 0.355 0.502 10.073 1483.748 0.306 2.018 0.251 35.351 1327.805 0.115 3.267 3
1 4998.694 0.148 1.777 0.355 0.497 10.036 1462.878 0.294 2.007 0.251 34.896 1331.696 0.112 2.855 4
1 5629.823 0.153 1.774 0.345 0.504 10.071 1499.272 0.297 1.784 0.251 35.395 1326.012 0.126 -5.171 6
1 5000.665 0.153 2.011 0.346 0.495 10.073 1492.182 0.306 2.019 0.251 35.557 1327.805 0.122 3.128 3
1 5092.873 0.148 1.782 0.355 0.510 10.072 1496.950 0.307 2.005 0.251 35.353 1321.686 0.119 -1.135 5
1 5846.004 0.130 1.625 0.343 0.495 10.170 1418.695 0.305 2.260 0.251 35.369 1210.622 0.193 -19.64 8
1 4997.822 0.148 2.024 0.345 0.504 10.027 1558.120 0.306 1.995 0.251 35.395 1271.894 0.163 2.714 3
1 5000.285 0.148 1.965 0.356 0.495 9.949 1565.622 0.293 2.020 0.251 35.359 1210.085 0.193 2.365 3
1 5005.198 0.148 1.164 0.344 0.499 10.036 1630.289 0.293 2.014 0.252 35.414 1214.930 0.418 -7.972 4
1 4996.050 0.148 1.976 0.343 0.495 9.968 1624.752 0.306 1.973 0.251 35.353 1207.227 0.213 2.102 3
1 5564.216 0.133 1.777 0.345 0.504 10.071 1499.272 0.294 1.790 0.251 35.395 1321.628 0.119 -5.418 7
1 5619.103 0.133 1.774 0.345 0.503 9.946 1499.272 0.297 1.790 0.243 35.395 1321.628 0.124 -5.588 8
1 5617.927 0.133 1.774 0.345 0.504 10.073 1499.272 0.297 1.790 0.251 35.395 1321.628 0.124 -5.488 7
2 6085.596 0.153 1.243 0.353 0.506 9.926 1481.345 0.310 2.005 0.252 31.726 1203.688 0.378 -19.477 4
2 5697.600 0.145 1.694 0.357 0.492 9.987 1456.322 0.295 1.727 0.252 34.923 1289.703 0.153 -18.974 7
2 5654.540 0.147 1.966 0.353 0.504 9.943 1569.596 0.299 2.004 0.251 31.758 1306.940 0.171 3.705 3
2 5588.276 0.147 1.962 0.347 0.501 9.932 1503.893 0.295 2.005 0.251 31.702 1315.959 0.123 4.236 3
2 5876.352 0.149 1.411 0.347 0.501 9.960 1514.658 0.304 1.915 0.250 31.736 1275.727 0.294 -18.854 5
2 5713.774 0.153 1.751 0.347 0.501 9.932 1504.360 0.299 2.000 0.253 34.928 1310.716 0.143 -18.696 5
2 5699.060 0.152 1.632 0.357 0.492 9.987 1456.322 0.295 1.727 0.252 34.923 1289.703 0.184 -18.956 6
2 6089.536 0.152 1.107 0.353 0.505 9.942 1384.874 0.294 2.009 0.252 35.160 1204.017 0.447 -21.158 5
2 6089.673 0.152 1.243 0.357 0.506 9.957 1468.524 0.310 1.609 0.252 34.940 1200.647 0.378 -19.972 6
2 5900.913 0.153 1.410 0.353 0.501 9.960 1514.449 0.295 1.968 0.251 31.755 1314.187 0.295 -18.701 4
2 5588.092 0.152 1.393 0.347 0.501 9.932 1503.662 0.299 2.013 0.247 34.928 1285.339 0.303 -19.663 5
2 5453.228 0.152 1.962 0.347 0.505 9.932 1503.893 0.299 2.017 0.251 34.868 1317.728 0.122 2.637 4
2 5627.544 0.152 1.747 0.353 0.502 9.932 1477.199 0.295 2.051 0.253 34.942 1314.194 0.126 -18.414 6
2 5454.816 0.147 1.802 0.353 0.505 9.942 1501.954 0.299 2.003 0.249 31.884 1318.095 0.121 -17.427 5
2 5641.834 0.152 2.001 0.353 0.502 9.932 1606.421 0.295 2.015 0.252 31.701 1201.993 0.199 -16.558 3
2 5453.350 0.147 1.791 0.347 0.501 9.933 1504.248 0.295 2.005 0.251 31.702 1315.959 0.123 -16.819 4
2 6074.862 0.152 1.191 0.347 0.506 9.012 1472.168 0.299 2.024 0.252 35.150 1318.895 0.404 -20.619 6
2 5454.816 0.147 1.962 0.347 0.505 9.942 1501.954 0.299 2.003 0.249 31.701 1318.239 0.121 55.172 3
2 6182.397 0.152 1.108 0.353 0.506 9.926 1481.345 0.309 1.970 0.252 31.726 1203.691 0.446 -19.734 4
2 5592.562 0.152 1.833 0.347 0.504 9.919 1482.318 0.289 2.013 0.247 34.980 1317.693 0.122 -18.369 6
2 6187.944 0.153 1.165 0.353 0.501 9.926 1504.360 0.309 2.000 0.253 34.928 1200.799 0.417 -20.579 5
2 5651.235 0.147 1.580 0.353 0.504 9.942 1503.065 0.299 2.004 0.251 31.758 1317.958 0.21 -17.882 4
2 5861.721 0.152 1.423 0.353 0.506 9.926 1481.300 0.294 1.970 0.252 31.726 1203.686 0.288 -18.233 4
2 5580.240 0.147 1.832 0.347 0.492 9.932 1453.118 0.295 2.013 0.251 34.819 1315.959 0.123 -18.375 5
2 5456.989 0.147 1.962 0.347 0.505 9.942 1501.954 0.299 2.003 0.249 34.773 1318.239 0.121 2.697 4
2 5731.626 0.152 1.389 0.346 0.501 9.931 1476.671 0.304 2.011 0.253 34.942 1285.108 0.305 -19.926 5
2 5443.704 0.153 1.778 0.347 0.501 9.933 1514.430 0.295 2.005 0.251 31.755 1314.080 0.13 -17.472 4
2 5456.505 0.147 1.934 0.347 0.491 9.927 1476.902 0.299 1.967 0.249 31.745 1333.684 0.111 4.285 4
2 5579.063 0.153 1.973 0.347 0.501 9.932 1503.893 0.295 2.005 0.252 31.727 1319.009 0.122 4.523 3
2 5645.205 0.149 1.200 0.347 0.506 8.994 1471.211 0.299 2.024 0.252 35.212 1317.852 0.4 -20.178 6
3 6150.784 0.116 1.253 0.279 0.334 10.955 1346.072 0.304 1.877 0.248 35.039 1735.808 0.374 -21.39 9
3 4991.398 0.151 2.022 0.353 0.492 10.014 1340.188 0.295 1.969 0.251 35.074 1283.576 0.144 3.091 2
3 5244.152 0.139 1.836 0.362 0.509 10.685 1458.715 0.321 1.772 0.248 35.040 1411.745 0.114 -5.053 10
3 6167.073 0.116 1.544 0.357 0.489 9.998 1342.320 0.306 2.027 0.247 34.218 1222.076 0.233 -19.998 5
3 5744.104 0.146 1.746 0.354 0.449 9.923 1463.627 0.303 2.037 0.248 34.318 1408.906 0.149 -18.643 7
3 5633.537 0.131 1.748 0.353 0.510 10.012 1502.227 0.296 1.780 0.251 34.772 1337.263 0.127 -8.114 7
3 5656.463 0.130 1.728 0.345 0.503 10.012 1341.052 0.292 1.785 0.252 34.877 1362.721 0.136 -7.844 6
3 5620.604 0.151 1.687 0.352 0.493 9.960 1346.109 0.290 2.036 0.248 35.019 1293.703 0.156 -19.167 4
3 5244.317 0.139 1.837 0.353 0.535 10.739 1453.723 0.304 2.054 0.251 34.516 1364.332 0.09 -2.879 9
3 5244.676 0.139 1.837 0.352 0.508 10.537 1453.735 0.297 1.880 0.248 34.285 1380.610 0.085 -0.645 8
3 4992.492 0.151 1.985 0.357 0.497 10.013 1345.596 0.302 2.026 0.251 35.006 1368.058 0.104 3.62 2
3 5226.685 0.151 1.778 0.353 0.509 10.002 1455.809 0.290 1.999 0.248 34.810 1335.034 0.111 -2.354 5
3 5227.790 0.152 1.836 0.354 0.510 10.001 1466.825 0.290 1.999 0.248 35.036 1409.470 0.105 -1.179 5
3 5663.026 0.150 1.728 0.353 0.503 9.999 1340.152 0.290 1.772 0.252 34.884 1364.835 0.136 -6.886 5
3 5658.790 0.151 1.748 0.352 0.509 10.002 1345.241 0.302 2.028 0.248 34.799 1292.607 0.138 -5.815 4
3 5252.131 0.151 1.836 0.352 0.509 10.002 1345.408 0.303 1.877 0.252 34.791 1361.890 0.098 -1.045 5
3 5227.417 0.151 1.834 0.353 0.492 9.953 1455.809 0.290 1.877 0.248 34.800 1332.718 0.112 -3.875 6
3 5398.664 0.151 1.741 0.359 0.493 10.003 1470.297 0.309 1.970 0.252 35.089 1335.230 0.129 -6.688 6
3 5620.604 0.151 1.689 0.352 0.493 9.953 1346.109 0.290 2.036 0.248 34.802 1293.703 0.155 -6.344 4
3 5244.780 0.139 1.836 0.349 0.498 9.997 1468.788 0.306 1.883 0.248 34.474 1410.565 0.096 -0.764 7
3 5596.366 0.152 1.768 0.354 0.488 9.980 1466.054 0.290 1.880 0.252 35.031 1332.682 0.119 -6.375 7
3 5608.917 0.151 1.768 0.352 0.493 10.030 1344.118 0.289 2.029 0.249 35.006 1334.515 0.122 -4.089 4
3 5247.064 0.152 1.768 0.354 0.509 10.001 1466.185 0.290 2.002 0.251 35.036 1334.997 0.116 -4.691 5
3 4991.384 0.151 2.031 0.352 0.492 10.014 1340.188 0.290 2.028 0.251 35.074 1288.956 0.141 3.351 2
3 5608.917 0.151 1.754 0.352 0.493 10.012 1345.098 0.289 2.029 0.251 35.006 1334.515 0.123 -4.817 4
3 5247.064 0.151 1.782 0.362 0.509 9.934 1462.235 0.290 1.791 0.248 35.159 1333.780 0.111 -4.472 7
3 5656.463 0.152 1.732 0.352 0.490 10.001 1344.440 0.302 2.024 0.250 34.900 1285.882 0.143 -6.228 4
3 5635.470 0.151 1.741 0.352 0.489 10.001 1470.297 0.290 1.971 0.252 35.091 1335.116 0.129 -6.645 5
3 4991.398 0.153 2.018 0.353 0.492 10.015 1340.184 0.295 1.969 0.251 34.153 1377.330 0.082 4.471 2
3 5244.682 0.152 1.832 0.354 0.509 10.001 1466.185 0.290 2.002 0.251 35.036 1334.997 0.11 -1.873 5
3 5380.187 0.152 1.836 0.353 0.509 10.697 1458.715 0.303 1.788 0.248 35.040 1415.102 0.106 -3.638 7
3 5155.285 0.152 1.962 0.353 0.498 9.998 1346.066 0.306 1.993 0.251 34.118 1409.558 0.076 0 3
3 5626.191 0.151 1.751 0.352 0.493 10.012 1345.143 0.289 2.029 0.251 35.102 1334.515 0.125 -5.084 4
3 5662.730 0.151 1.728 0.353 0.503 9.999 1340.152 0.290 1.968 0.252 35.086 1364.835 0.136 -5.549 4
3 5247.064 0.151 1.834 0.346 0.509 9.999 1462.235 0.303 1.791 0.252 35.159 1373.981 0.109 -3.532 6
3 5629.715 0.153 1.748 0.353 0.493 10.015 1503.515 0.296 1.795 0.251 34.778 1337.344 0.126 -6.194 6
3 5247.064 0.151 1.782 0.363 0.509 10.018 1462.235 0.290 1.791 0.248 35.159 1334.978 0.11 -4.382 7
3 5247.795 0.152 1.768 0.354 0.491 9.582 1466.161 0.290 1.880 0.251 35.089 1332.682 0.116 -5.695 7
3 5247.251 0.152 1.837 0.354 0.509 10.012 1466.186 0.290 1.794 0.252 35.028 1358.141 0.105 -3.258 6
3 5247.063 0.151 1.782 0.362 0.509 9.936 1462.235 0.286 1.794 0.246 35.159 1359.147 0.109 -5.028 9
3 5608.917 0.152 1.768 0.352 0.492 10.030 1441.023 0.306 2.029 0.249 35.044 1334.515 0.122 -6.068 5
4 5897.645 0.153 1.121 0.349 0.474 10.033 1682.986 0.291 2.026 0.249 35.441 1208.513 0.44 -20.425 6
4 5505.244 0.150 1.841 0.350 0.492 9.923 1464.928 0.290 2.015 0.248 34.671 1364.628 0.101 2.408 5
4 5531.841 0.153 1.972 0.346 0.501 9.924 1488.061 0.293 2.021 0.253 35.582 1297.739 0.135 2.441 4
4 5504.894 0.150 1.967 0.350 0.492 9.923 1465.344 0.290 2.015 0.253 34.674 1334.309 0.11 3.239 4
4 5579.302 0.140 1.776 0.350 0.478 10.084 1484.853 0.270 1.816 0.245 35.506 1336.081 0.12 -5.208 11
4 5580.207 0.153 1.776 0.352 0.498 9.930 1536.854 0.290 2.021 0.253 35.391 1228.723 0.181 -18.559 5
4 5889.179 0.138 1.682 0.345 0.489 10.010 1537.468 0.290 1.965 0.253 35.588 1281.473 0.178 -7.553 6
4 6267.596 0.149 1.310 0.348 0.497 9.911 1635.463 0.279 2.027 0.242 35.592 1312.951 0.345 -19.964 8
4 5887.713 0.153 1.182 0.345 0.498 10.017 1633.402 0.291 2.023 0.253 35.588 1207.280 0.409 -20.373 5
4 5897.604 0.153 1.406 0.360 0.498 10.015 1537.611 0.290 1.636 0.251 33.782 1267.844 0.297 -19.431 7
4 5896.159 0.150 1.563 0.352 0.498 10.014 1643.661 0.291 2.030 0.253 35.503 1266.286 0.227 -19.1 5
4 5561.745 0.153 1.776 0.352 0.498 9.930 1479.335 0.291 1.963 0.253 34.825 1356.313 0.112 -0.819 5
4 5538.056 0.140 1.781 0.351 0.492 10.084 1476.812 0.284 1.818 0.244 34.653 1329.428 0.114 -3.762 10
4 5487.992 0.136 1.783 0.352 0.511 9.923 1479.288 0.291 1.815 0.244 34.678 1356.313 0.109 -3.227 8
4 5575.327 0.140 1.776 0.352 0.492 9.923 1484.807 0.270 2.015 0.248 34.671 1329.268 0.115 -2.669 7
4 5860.152 0.113 1.401 0.350 0.467 10.014 1480.089 0.261 1.646 0.249 33.733 1211.640 0.299 -19.98 9
4 5575.282 0.140 1.773 0.345 0.497 10.015 1485.471 0.284 1.837 0.255 35.481 1337.180 0.119 -4.946 9
4 5505.244 0.150 1.841 0.350 0.498 9.923 1464.928 0.287 2.017 0.253 34.677 1364.628 0.101 2.335 6
4 5860.152 0.114 1.401 0.350 0.500 10.014 1639.162 0.260 1.646 0.249 33.788 1210.580 0.299 -19.728 8
4 5579.932 0.139 1.721 0.326 0.513 10.084 1484.776 0.284 1.822 0.248 35.506 1336.081 0.139 -6.194 11
4 5531.401 0.137 1.723 0.351 0.477 10.034 1484.806 0.284 1.816 0.245 35.391 1339.327 0.138 -6.189 10
4 5857.659 0.153 1.588 0.349 0.500 9.982 1613.684 0.289 1.918 0.253 35.530 1205.171 0.206 -19.092 6
4 5506.282 0.140 1.841 0.350 0.498 9.923 1479.221 0.291 2.015 0.248 34.676 1362.530 0.104 2.011 6
4 5487.992 0.136 1.783 0.352 0.498 9.930 1479.333 0.291 1.962 0.253 34.839 1356.313 0.109 -2.553 6
4 5821.495 0.153 1.670 0.345 0.498 10.063 1467.909 0.291 2.023 0.253 35.512 1265.406 0.165 -7.053 5
4 5682.924 0.153 1.725 0.349 0.496 10.063 1510.277 0.292 2.024 0.253 35.587 1269.233 0.154 -6.272 5
4 5604.377 0.153 1.725 0.345 0.496 10.062 1533.305 0.292 1.963 0.253 35.588 1319.701 0.144 -5.767 5
4 5601.051 0.138 1.683 0.345 0.489 10.010 1533.326 0.290 1.965 0.253 35.588 1320.240 0.158 -6.718 6
4 5582.643 0.153 1.673 0.349 0.498 10.015 1537.468 0.290 2.023 0.253 35.587 1267.621 0.163 -6.85 5
4 5531.841 0.153 1.783 0.345 0.501 9.924 1488.149 0.293 2.021 0.253 35.582 1312.745 0.125 -4.116 5
4 5615.086 0.153 1.711 0.345 0.498 10.015 1506.582 0.284 2.019 0.245 35.506 1334.836 0.144 -18.884 7
4 5622.317 0.153 1.708 0.345 0.498 10.015 1548.489 0.281 2.023 0.248 35.506 1265.406 0.156 -6.401 6
4 5575.199 0.153 1.785 0.352 0.498 10.073 1479.319 0.289 1.983 0.253 35.417 1361.478 0.117 -3.29 5
4 5505.244 0.150 1.841 0.350 0.498 9.923 1479.221 0.290 2.015 0.248 34.676 1364.628 0.104 2.245 5
4 5590.831 0.153 1.777 0.345 0.498 10.031 1486.038 0.300 1.963 0.253 35.591 1307.317 0.128 -4.259 5
4 5575.327 0.140 1.776 0.352 0.498 9.923 1484.807 0.270 2.016 0.248 34.671 1326.148 0.116 -3.024 7
4 5575.327 0.135 1.720 0.352 0.492 9.923 1484.807 0.290 1.860 0.248 35.553 1329.268 0.14 -6.048 7
4 5489.271 0.139 1.734 0.326 0.498 10.011 1465.279 0.290 1.796 0.244 35.518 1346.869 0.133 -5.566 9
4 5579.302 0.140 1.781 0.345 0.512 10.088 1485.366 0.284 1.818 0.244 35.561 1334.943 0.122 -5.384 11
4 5590.831 0.153 1.771 0.352 0.498 10.032 1483.688 0.289 2.027 0.248 35.407 1340.945 0.118 -3.827 5
4 5504.515 0.139 1.742 0.345 0.484 10.015 1437.157 0.306 2.023 0.249 35.534 1306.999 0.129 -5.039 7
4 5578.772 0.140 1.760 0.352 0.498 9.929 1479.548 0.291 1.964 0.253 35.409 1340.941 0.12 -4.471 6
4 5896.064 0.153 1.659 0.345 0.497 10.010 1536.638 0.282 1.710 0.253 35.506 1312.827 0.179 -19.042 7
4 5504.515 0.153 1.742 0.345 0.508 10.014 1504.561 0.306 2.023 0.249 35.534 1306.999 0.129 -4.712 5
4 5889.692 0.153 1.671 0.345 0.498 10.015 1548.489 0.289 2.023 0.248 35.511 1265.406 0.178 -7.268 5
4 5586.328 0.140 1.783 0.348 0.498 10.011 1485.471 0.279 1.831 0.255 35.596 1337.180 0.123 -5.274 9
4 5590.497 0.153 1.736 0.345 0.500 10.015 1478.633 0.306 2.023 0.249 35.534 1306.472 0.132 -4.975 5
4 5531.401 0.137 1.726 0.351 0.477 10.034 1483.511 0.284 1.816 0.245 35.402 1340.945 0.137 -5.854 10
4 5711.787 0.153 1.670 0.345 0.498 10.063 1484.740 0.290 1.817 0.253 35.587 1265.509 0.165 -7.231 6
4 5530.627 0.140 1.780 0.351 0.478 10.034 1484.494 0.284 1.816 0.245 35.391 1339.409 0.116 -4.614 10
5 6371.906 0.152 1.015 0.344 0.510 10.916 1411.166 0.304 1.990 0.251 35.163 1317.572 0.493 -21.549 6
5 5364.360 0.149 2.047 0.343 0.491 10.699 1341.484 0.304 2.000 0.250 34.124 1403.017 0.076 4.651 5
5 5384.795 0.152 1.878 0.334 0.508 10.915 1396.102 0.280 1.991 0.256 34.228 1391.395 0.091 2.698 9
5 5715.426 0.151 2.013 0.353 0.501 10.875 1342.542 0.304 1.994 0.252 35.158 1200.529 0.2 2.568 4
5 5780.978 0.104 1.391 0.347 0.494 11.051 1358.496 0.297 2.000 0.252 35.031 1320.654 0.307 -20.587 7
5 5469.223 0.151 1.853 0.344 0.497 10.876 1367.245 0.304 1.734 0.252 35.349 1318.060 0.133 -18.584 7
5 5840.654 0.151 1.637 0.344 0.501 10.852 1343.611 0.304 2.018 0.250 35.198 1246.925 0.181 -7.343 5
5 6382.789 0.152 1.130 0.350 0.494 11.239 1342.432 0.304 1.993 0.251 35.157 1317.842 0.435 -21.329 5
5 6382.789 0.152 1.098 0.350 0.494 11.239 1342.482 0.304 1.993 0.251 35.157 1317.842 0.451 -21.45 5
5 5789.433 0.149 1.532 0.354 0.497 11.656 1347.782 0.305 2.000 0.250 35.093 1319.720 0.234 -19.79 6
5 5364.360 0.150 2.014 0.343 0.497 10.711 1341.484 0.291 1.961 0.250 34.148 1403.017 0.077 4.277 4
5 5478.094 0.147 1.799 0.322 0.509 10.723 1408.280 0.280 1.883 0.252 34.941 1390.455 0.102 -2.219 9
5 5469.223 0.153 1.694 0.352 0.497 10.946 1347.630 0.302 1.746 0.259 35.243 1314.476 0.153 -19.113 8
5 5467.454 0.153 1.807 0.334 0.508 10.919 1396.102 0.303 1.990 0.257 34.253 1358.902 0.097 2.5 8
5 5382.100 0.150 1.851 0.334 0.494 10.711 1441.758 0.298 2.001 0.248 34.182 1398.788 0.078 2.964 7
5 5370.633 0.152 1.803 0.351 0.494 10.881 1393.465 0.304 2.029 0.251 34.992 1345.118 0.104 1.936 6
5 5467.369 0.152 1.801 0.346 0.497 10.726 1343.024 0.302 2.026 0.250 35.533 1348.406 0.121 -1.307 5
5 5461.086 0.150 1.805 0.334 0.494 10.520 1439.249 0.304 2.001 0.251 34.986 1345.118 0.104 1.846 7
5 6371.906 0.152 1.023 0.344 0.510 11.041 1411.382 0.304 1.990 0.251 35.163 1317.572 0.489 -21.535 6
5 5658.886 0.151 1.775 0.353 0.494 10.510 1342.510 0.307 1.721 0.251 35.185 1404.969 0.139 -4.417 6
5 5715.578 0.153 1.706 0.351 0.493 11.435 1342.541 0.304 1.994 0.252 35.028 1298.283 0.147 -5.712 5
5 5781.045 0.149 1.620 0.344 0.491 11.051 1345.780 0.305 2.001 0.250 35.088 1319.667 0.19 -19.497 5
5 5770.891 0.153 1.774 0.344 0.500 11.434 1340.710 0.298 1.746 0.248 35.539 1298.916 0.154 -19.107 6
5 5381.705 0.150 1.774 0.344 0.498 10.713 1342.082 0.298 1.969 0.248 35.539 1301.586 0.132 -3.409 5
5 5461.086 0.152 1.805 0.343 0.494 10.520 1439.249 0.304 2.027 0.251 35.016 1345.118 0.105 -1.956 6
5 5468.545 0.152 1.801 0.344 0.494 10.982 1437.135 0.304 2.027 0.251 35.174 1362.012 0.11 -2.517 6
5 5810.846 0.152 1.671 0.344 0.511 11.046 1341.456 0.293 1.989 0.250 35.161 1305.440 0.164 -6.278 5
5 5682.779 0.149 1.653 0.353 0.500 11.474 1342.836 0.308 1.999 0.250 35.192 1248.046 0.173 -6.983 5
5 5652.215 0.153 1.776 0.352 0.493 10.383 1347.604 0.302 1.746 0.251 35.534 1325.613 0.13 -6.464 7
5 5469.223 0.153 1.820 0.352 0.493 10.946 1347.630 0.302 1.746 0.248 35.537 1314.481 0.127 -4.203 7
5 5715.578 0.153 1.774 0.344 0.498 11.434 1342.541 0.307 1.746 0.248 35.539 1299.786 0.143 -5.773 6
5 5385.285 0.151 1.853 0.344 0.507 10.876 1341.823 0.304 1.976 0.251 34.178 1376.450 0.088 3.16 5
5 5715.578 0.153 1.703 0.344 0.497 11.441 1342.541 0.302 1.980 0.248 35.528 1299.781 0.148 -6.178 5
5 5395.968 0.152 1.756 0.353 0.500 10.979 1444.881 0.298 2.010 0.251 35.353 1350.041 0.122 -3.945 6
5 5386.554 0.152 2.038 0.350 0.494 10.983 1341.473 0.304 1.994 0.251 35.014 1321.058 0.119 3.369 4
5 5382.100 0.150 1.863 0.334 0.494 10.728 1441.445 0.298 1.972 0.250 34.305 1401.007 0.082 2.834 7
5 5479.145 0.152 1.634 0.344 0.497 11.045 1343.393 0.302 1.670 0.251 35.532 1240.274 0.183 -19.424 6
5 5371.024 0.153 2.021 0.350 0.500 10.879 1341.470 0.292 2.028 0.250 34.884 1405.127 0.1 3.854 4
5 5395.968 0.152 1.756 0.353 0.500 11.082 1344.001 0.298 2.010 0.251 35.331 1350.041 0.122 -2.742 5
5 5840.654 0.151 1.670 0.344 0.501 10.852 1343.611 0.304 2.018 0.250 34.917 1246.925 0.169 -6.314 5
5 5393.559 0.149 1.986 0.343 0.497 10.979 1345.683 0.303 2.009 0.251 35.088 1350.589 0.107 3.396 4
5 5389.712 0.153 1.981 0.344 0.494 10.979 1345.118 0.304 1.983 0.250 35.005 1408.294 0.104 3.71 4
5 5474.098 0.151 1.646 0.344 0.534 10.962 1340.877 0.305 1.720 0.248 35.198 1246.925 0.177 -19.283 7
5 5683.215 0.150 1.641 0.352 0.493 11.474 1342.452 0.308 1.964 0.250 35.192 1248.993 0.179 -7.14 5
5 5467.369 0.153 1.811 0.346 0.497 10.673 1347.630 0.302 1.985 0.248 35.533 1318.088 0.121 -2.979 6
5 5467.369 0.153 1.811 0.346 0.497 10.673 1346.744 0.302 1.985 0.248 34.215 1358.818 0.095 2.79 5
5 5478.094 0.152 1.801 0.322 0.497 10.723 1341.608 0.279 1.881 0.252 34.920 1396.026 0.102 2.078 8
5 5385.285 0.151 1.853 0.344 0.507 10.698 1341.823 0.304 1.976 0.251 34.179 1403.637 0.078 3.282 5
5 5468.545 0.152 1.802 0.338 0.494 10.982 1443.146 0.304 2.027 0.251 35.174 1348.520 0.11 -2.955 7
5 5414.620 0.148 1.802 0.336 0.497 10.725 1413.254 0.294 1.988 0.250 34.188 1351.906 0.099 2.412 7
6 5878.708 0.122 1.311 0.329 0.369 9.838 1641.127 0.312 1.548 0.243 35.342 1254.345 0.345 -20.262 12
6 5001.731 0.151 2.033 0.347 0.496 9.944 1486.290 0.298 1.975 0.253 35.454 1329.212 0.118 3.156 3
6 4996.625 0.150 2.027 0.346 0.493 9.934 1702.829 0.291 1.990 0.253 35.562 1203.038 0.271 -1.003 3
6 5000.008 0.149 1.178 0.346 0.494 9.941 1679.918 0.290 2.021 0.253 35.525 1210.463 0.411 -8.255 4
6 4991.252 0.151 1.803 0.346 0.496 9.956 1418.180 0.295 1.988 0.253 35.088 1346.619 0.107 3.052 4
6 6298.951 0.132 1.231 0.243 0.537 8.190 1572.217 0.381 2.017 0.226 32.798 1269.811 0.384 -19.989 11
6 5018.211 0.151 1.667 0.346 0.494 9.955 1547.495 0.299 1.999 0.248 35.358 1262.023 0.166 -18.143 5
6 5862.504 0.165 1.634 0.347 0.493 9.262 1456.541 0.299 1.647 0.243 35.455 1252.158 0.183 -19.067 9
6 5884.864 0.129 1.372 0.336 0.494 11.146 1674.590 0.290 1.992 0.252 35.299 1283.218 0.314 -19.887 8
6 5885.284 0.129 1.369 0.346 0.494 9.469 1683.674 0.295 1.992 0.253 35.299 1253.608 0.316 -19.842 7
6 5527.019 0.152 1.801 0.346 0.491 9.500 1481.775 0.295 2.026 0.252 35.228 1330.978 0.113 -2.457 6
6 5000.006 0.152 1.393 0.346 0.496 9.941 1681.499 0.290 1.992 0.253 35.559 1210.463 0.303 -7.764 4
6 4999.568 0.150 2.028 0.346 0.493 9.939 1599.522 0.295 1.990 0.253 35.565 1204.317 0.197 2.11 3
6 4999.814 0.151 2.026 0.346 0.493 9.937 1668.772 0.296 1.992 0.253 35.430 1247.509 0.245 2.09 3
6 5696.999 0.151 1.721 0.355 0.496 10.870 1460.642 0.292 1.995 0.253 35.559 1308.996 0.139 -19.005 6
6 5513.040 0.152 1.803 0.346 0.491 9.957 1481.754 0.295 1.780 0.255 35.239 1332.629 0.112 -3.343 7
6 4996.644 0.151 2.026 0.346 0.493 9.937 1702.183 0.291 1.990 0.253 35.565 1247.326 0.27 1.866 3
6 4991.539 0.151 1.802 0.346 0.496 9.956 1418.180 0.295 1.914 0.253 35.098 1344.905 0.107 2.949 5
6 4993.824 0.151 1.732 0.347 0.493 9.957 1510.826 0.291 1.961 0.253 35.456 1314.873 0.134 -0.614 4
6 5884.864 0.129 1.615 0.348 0.493 11.108 1690.066 0.290 1.990 0.252 35.493 1252.504 0.261 -19.118 7
6 4990.411 0.149 1.665 0.346 0.494 9.939 1569.921 0.295 2.002 0.248 35.568 1261.491 0.172 -4.148 4
6 4990.908 0.151 1.732 0.347 0.494 9.938 1510.826 0.299 1.961 0.248 35.456 1261.180 0.159 -1.228 4
6 5694.451 0.150 1.669 0.347 0.494 9.938 1543.973 0.308 1.999 0.247 35.358 1253.778 0.165 -7.334 5
6 5696.999 0.151 1.719 0.355 0.496 9.962 1542.424 0.292 1.995 0.253 35.561 1253.793 0.164 -6.403 5
6 4999.825 0.151 1.721 0.346 0.494 9.934 1679.117 0.292 1.995 0.248 35.566 1234.607 0.253 -5.613 4
6 5001.357 0.151 1.667 0.346 0.494 9.955 1570.896 0.291 1.999 0.248 35.532 1234.546 0.177 -4.438 4
6 4998.481 0.149 2.012 0.352 0.489 9.949 1475.614 0.295 1.999 0.253 35.530 1263.812 0.157 2.937 3
6 5526.921 0.149 1.767 0.346 0.495 10.877 1480.244 0.299 1.996 0.252 35.170 1330.904 0.117 -18.626 6
6 5619.350 0.151 1.760 0.357 0.500 9.939 1499.257 0.291 1.984 0.253 35.459 1313.983 0.124 -4.29 5
6 5000.238 0.151 2.026 0.346 0.496 9.944 1486.689 0.290 1.991 0.253 35.454 1280.873 0.146 3.043 3
6 4999.932 0.150 1.989 0.346 0.493 9.953 1593.646 0.290 2.020 0.251 35.482 1247.164 0.189 2.367 3
6 5588.150 0.149 1.674 0.347 0.494 10.059 1510.826 0.291 1.996 0.247 35.456 1315.028 0.163 -6.015 5
6 5513.040 0.152 1.803 0.346 0.494 9.955 1469.463 0.299 1.780 0.255 35.350 1329.592 0.115 -3.542 7
6 4999.949 0.149 1.678 0.346 0.494 9.941 1593.646 0.290 1.992 0.253 35.525 1210.463 0.193 -4.832 4
6 5627.569 0.151 1.742 0.347 0.500 9.944 1499.257 0.291 1.984 0.253 35.459 1313.983 0.129 -4.986 5
6 5591.199 0.151 1.732 0.347 0.494 10.059 1510.826 0.291 1.996 0.253 35.456 1314.873 0.134 -5.372 5
6 5696.999 0.151 1.721 0.344 0.496 9.996 1460.642 0.292 1.995 0.253 35.559 1309.666 0.139 -5.571 5
6 5548.888 0.151 1.798 0.347 0.496 9.944 1481.698 0.298 1.777 0.253 35.226 1329.212 0.114 -3.012 6
6 5533.666 0.151 1.798 0.348 0.496 9.937 1471.738 0.296 1.965 0.253 35.436 1329.212 0.118 -2.795 5
6 4999.796 0.150 2.027 0.346 0.493 9.934 1672.931 0.296 1.992 0.253 35.428 1207.597 0.248 1.908 3
6 4990.870 0.151 1.667 0.346 0.494 9.939 1547.495 0.299 1.999 0.248 35.473 1261.585 0.166 -3.475 4
6 5001.731 0.151 2.033 0.347 0.494 10.028 1486.290 0.298 1.975 0.253 35.312 1283.048 0.145 3.109 3
6 4990.594 0.151 1.856 0.345 0.496 9.955 1475.649 0.295 1.827 0.253 35.228 1346.619 0.111 2.436 5
6 4999.814 0.151 1.646 0.352 0.494 9.937 1668.772 0.296 1.992 0.247 35.430 1247.509 0.245 -5.225 4
6 5007.034 0.151 1.734 0.346 0.493 9.939 1503.432 0.296 1.992 0.253 35.430 1315.491 0.133 1.924 4
6 4996.644 0.151 1.633 0.346 0.493 9.957 1702.183 0.291 1.962 0.253 35.471 1247.011 0.27 -5.863 4
6 5526.723 0.151 1.743 0.347 0.500 9.944 1499.257 0.291 1.984 0.253 35.459 1313.983 0.128 -4.584 5
6 4999.573 0.150 1.981 0.346 0.494 9.968 1593.646 0.295 1.992 0.253 35.482 1208.481 0.194 2.136 3
6 4991.259 0.151 1.719 0.355 0.506 9.957 1524.962 0.292 1.995 0.253 35.561 1253.793 0.164 -2.779 4
6 4990.960 0.151 2.026 0.346 0.494 9.939 1547.495 0.299 1.990 0.248 35.567 1261.909 0.159 2.707 3
7 6009.600 0.127 1.168 0.355 0.565 10.056 1695.563 0.300 1.915 0.212 35.310 1273.839 0.416 -20.53 9
7 6107.431 0.123 1.321 0.332 0.387 9.985 1503.044 0.299 1.976 0.226 32.881 1296.146 0.34 -20.029 9
7 5786.356 0.148 1.618 0.344 0.491 10.017 1410.813 0.307 1.963 0.249 35.542 1502.300 0.191 -19.352 4
7 6009.600 0.147 1.168 0.355 0.491 10.017 1695.563 0.309 1.915 0.212 35.309 1502.242 0.416 -20.238 6
7 5304.734 0.147 1.822 0.357 0.489 9.988 1410.356 0.307 1.975 0.249 34.770 1365.647 0.097 1.963 5
7 5301.791 0.147 1.822 0.344 0.491 9.988 1410.356 0.307 1.976 0.253 34.753 1365.041 0.096 2.075 5
7 5296.450 0.137 1.832 0.344 0.491 9.988 1409.348 0.294 1.877 0.253 34.547 1375.862 0.09 -18.382 7
7 5295.668 0.148 1.814 0.357 0.489 9.987 1475.838 0.307 1.977 0.248 34.869 1363.221 0.101 -11.748 5
7 5295.669 0.148 1.786 0.345 0.491 10.038 1458.882 0.307 1.962 0.248 35.090 1498.050 0.107 1.898 4
7 5786.702 0.148 1.767 0.344 0.489 10.021 1411.705 0.305 1.962 0.248 35.558 1466.515 0.157 -18.922 5
7 5724.487 0.151 1.738 0.357 0.454 9.992 1506.367 0.308 1.914 0.247 35.327 1495.192 0.145 -18.489 6
7 5295.669 0.148 1.624 0.345 0.491 10.038 1409.781 0.307 1.962 0.250 35.090 1498.050 0.188 -15.361 4
7 6031.659 0.121 1.322 0.384 0.386 9.985 1502.835 0.304 2.038 0.226 32.881 1295.958 0.339 -19.939 9
7 5295.477 0.137 1.768 0.345 0.491 9.733 1416.409 0.294 1.960 0.247 34.547 1364.752 0.116 -18.532 8
7 6122.366 0.121 1.077 0.384 0.578 9.985 1501.065 0.298 1.915 0.226 35.543 1295.958 0.462 -21.52 10
7 6336.861 0.151 1.437 0.329 0.575 9.989 1475.058 0.307 1.977 0.251 34.723 1761.415 0.281 -19.693 7
7 5293.651 0.147 1.823 0.343 0.489 9.991 1410.358 0.294 1.963 0.247 34.574 1498.050 0.091 2.429 4
7 6236.674 0.148 1.168 0.355 0.489 9.985 1695.563 0.300 1.915 0.212 35.537 1225.368 0.416 -20.318 7
7 5786.356 0.143 1.618 0.344 0.491 10.017 1410.819 0.305 1.962 0.248 35.542 1501.644 0.191 -19.49 5
7 5924.419 0.143 1.618 0.344 0.489 10.020 1410.819 0.305 1.962 0.248 35.558 1457.989 0.191 -19.507 6
7 5296.171 0.148 1.786 0.344 0.489 10.035 1502.375 0.301 1.961 0.248 35.528 1498.050 0.121 -13.333 4
7 5518.661 0.148 1.821 0.357 0.490 9.987 1477.816 0.303 1.977 0.248 34.728 1366.558 0.104 -16.423 5
7 6328.816 0.137 1.091 0.385 0.494 9.988 1505.942 0.294 2.041 0.212 35.531 1785.811 0.455 -21.169 9
7 5296.450 0.138 1.821 0.345 0.491 9.991 1458.150 0.310 1.962 0.247 34.568 1366.810 0.09 -14.51 6
7 5293.651 0.147 1.823 0.343 0.491 9.991 1410.356 0.294 1.963 0.247 34.574 1365.291 0.091 2.253 5
7 6325.101 0.148 1.434 0.329 0.491 10.038 1458.882 0.307 1.962 0.248 35.090 1498.050 0.283 -19.81 5
7 6160.108 0.121 1.077 0.355 0.578 9.809 1501.065 0.298 1.915 0.246 35.543 1499.529 0.462 -21.352 9
8 6113.440 0.113 1.204 0.253 0.359 11.367 1379.780 0.341 1.446 0.281 32.153 1528.977 0.398 -20.102 12
8 6325.935 0.126 1.015 0.356 0.490 9.946 1580.243 0.310 1.078 0.200 34.516 1247.330 0.493 -21.322 8
8 6263.547 0.152 1.084 0.352 0.487 11.494 1348.414 0.318 1.841 0.204 35.447 1243.408 0.458 -21.576 10
8 6314.828 0.150 1.786 0.352 0.496 10.050 1344.426 0.308 1.985 0.248 35.445 1206.045 0.263 -19.02 4
8 5415.990 0.152 1.840 0.355 0.501 9.976 1341.971 0.293 1.982 0.247 34.351 1393.884 0.084 2.341 4
8 5867.792 0.154 1.365 0.355 0.495 9.922 1470.188 0.293 1.974 0.247 35.507 1239.783 0.318 -20.074 6
8 5867.334 0.147 1.476 0.352 0.498 10.052 1344.512 0.308 1.987 0.248 35.547 1227.004 0.262 -10.497 4
8 5609.801 0.153 1.758 0.356 0.501 9.976 1576.250 0.294 1.979 0.243 35.535 1348.428 0.176 -18.595 6
8 5452.995 0.136 1.813 0.360 0.501 9.837 1345.878 0.310 1.837 0.246 34.482 1358.972 0.094 1.883 9
8 5426.097 0.136 1.813 0.374 0.480 9.975 1481.362 0.294 1.862 0.246 34.826 1347.947 0.105 -5.207 10
8 6357.298 0.153 1.070 0.352 0.500 10.061 1554.055 0.293 1.984 0.247 35.393 1242.564 0.465 -20.923 5
8 6273.299 0.152 1.037 0.351 0.544 11.494 1350.347 0.318 1.970 0.204 34.312 1444.607 0.482 -21.455 9
8 5413.333 0.153 1.817 0.355 0.499 10.067 1345.070 0.293 1.965 0.246 35.194 1343.349 0.11 -2.248 5
8 6286.154 0.152 1.130 0.349 0.414 9.993 1601.395 0.281 1.960 0.292 34.303 1324.711 0.435 -20.371 9
8 5428.425 0.137 1.830 0.354 0.501 9.972 1424.645 0.293 1.864 0.243 34.825 1360.028 0.099 -4.473 8
8 5458.134 0.134 1.815 0.355 0.491 10.011 1478.933 0.293 1.982 0.236 35.117 1360.030 0.108 -4.751 7
8 5804.177 0.153 1.657 0.351 0.546 10.029 1559.727 0.308 1.971 0.240 34.351 1444.045 0.171 -18.707 7
8 5424.226 0.153 1.822 0.357 0.501 10.011 1425.458 0.295 1.967 0.247 34.822 1359.738 0.098 2.005 5
8 5439.108 0.136 1.821 0.355 0.501 10.010 1363.198 0.295 1.985 0.247 34.804 1360.722 0.098 -3.391 6
8 5844.848 0.147 1.477 0.355 0.501 10.025 1341.970 0.310 1.987 0.248 35.547 1226.564 0.261 -10.102 4
8 6113.752 0.125 1.563 0.353 0.506 10.304 1376.692 0.318 1.646 0.280 35.401 1323.336 0.223 -19.978 10
8 5458.765 0.152 1.582 0.355 0.499 10.055 1344.194 0.293 1.982 0.247 35.598 1362.359 0.209 -8.359 4
8 5584.954 0.136 1.669 0.375 0.501 9.966 1477.634 0.294 1.859 0.248 35.507 1333.761 0.165 -8.487 8
8 5758.704 0.149 1.629 0.356 0.501 9.975 1345.229 0.294 1.985 0.250 35.599 1242.548 0.185 -8.026 4
8 5868.078 0.153 1.569 0.357 0.501 10.060 1344.777 0.295 1.966 0.247 35.591 1247.365 0.216 -9.541 4
8 5736.257 0.150 1.711 0.352 0.499 10.050 1346.729 0.309 1.966 0.247 35.598 1309.832 0.147 -7.134 4
8 5868.078 0.153 1.578 0.354 0.501 10.060 1344.777 0.294 1.966 0.241 35.597 1247.365 0.211 -19.756 5
8 5615.646 0.152 1.729 0.356 0.512 10.029 1343.292 0.300 1.981 0.246 35.509 1227.373 0.182 -19.174 6
8 5414.581 0.150 1.821 0.352 0.499 10.059 1345.182 0.293 1.965 0.249 35.299 1340.175 0.114 -3.132 4
8 5868.078 0.147 1.643 0.356 0.501 9.974 1575.032 0.298 1.974 0.247 35.513 1239.758 0.178 -9.057 5
8 5543.084 0.150 1.821 0.352 0.499 10.067 1345.182 0.294 1.965 0.247 35.280 1340.268 0.113 -2.597 4
8 5607.137 0.153 1.725 0.352 0.499 10.067 1345.072 0.293 1.981 0.248 35.520 1340.175 0.137 -6.438 4
8 5627.283 0.147 1.738 0.351 0.512 10.027 1480.408 0.293 1.910 0.246 35.444 1313.847 0.131 -7.524 8
8 5412.749 0.150 1.826 0.352 0.499 10.034 1477.223 0.292 1.960 0.247 35.192 1340.450 0.11 -3.975 6
8 5607.137 0.153 1.754 0.352 0.499 10.067 1345.072 0.294 1.981 0.247 35.520 1318.680 0.123 -5.78 4
8 5584.954 0.136 1.758 0.357 0.501 9.966 1470.925 0.294 1.980 0.248 35.536 1347.606 0.121 -6.038 6
8 5458.134 0.152 1.769 0.352 0.491 10.058 1405.663 0.293 1.982 0.247 35.450 1360.693 0.118 -5.058 5
8 5758.704 0.152 1.629 0.356 0.501 9.975 1579.599 0.293 1.985 0.250 35.394 1242.564 0.185 -9.208 5
8 5725.078 0.150 1.711 0.352 0.499 10.050 1346.729 0.309 1.966 0.249 35.598 1309.832 0.145 -6.477 4
8 5618.843 0.148 1.753 0.353 0.499 9.974 1409.602 0.293 1.856 0.243 35.507 1327.303 0.124 -7.07 7
8 5447.984 0.153 1.754 0.355 0.512 9.989 1471.523 0.301 1.981 0.247 35.509 1318.331 0.123 -6.963 6
8 5758.704 0.136 1.664 0.356 0.501 9.975 1345.736 0.310 1.985 0.250 35.394 1331.677 0.168 -8.148 5
8 5610.749 0.148 1.758 0.360 0.501 9.974 1409.602 0.293 1.967 0.249 35.536 1340.257 0.122 -6.501 6
8 5414.971 0.150 1.828 0.352 0.499 10.066 1490.932 0.290 1.965 0.247 35.294 1340.994 0.113 -3.716 5
8 5627.283 0.138 1.732 0.351 0.512 10.027 1480.408 0.293 1.972 0.247 35.584 1313.847 0.134 -7.837 7
8 5619.845 0.136 1.728 0.352 0.505 10.066 1342.870 0.300 1.878 0.248 35.511 1346.588 0.136 -7.471 6
8 5598.885 0.136 1.668 0.375 0.490 10.033 1477.541 0.294 1.865 0.221 34.503 1333.761 0.166 -18.994 9
8 5735.495 0.150 1.711 0.348 0.501 10.050 1346.683 0.294 1.985 0.247 35.598 1240.485 0.173 -7.872 4
8 5415.990 0.136 1.840 0.355 0.501 10.006 1341.971 0.293 1.982 0.247 34.362 1346.921 0.102 1.982 5
8 5436.421 0.136 1.813 0.357 0.501 9.965 1477.141 0.295 1.857 0.248 34.822 1333.871 0.111 -4.95 7
9 6022.209 0.150 1.606 0.344 0.510 10.054 1612.586 0.300 2.076 0.285 35.199 1477.177 0.204 -18.939 7
9 5827.906 0.143 1.094 0.344 0.510 10.001 1614.393 0.295 2.030 0.270 35.558 1499.821 0.453 -20.641 6
9 5653.547 0.143 1.817 0.343 0.500 9.999 1456.977 0.309 2.028 0.269 35.466 1508.318 0.131 -18.71 7
9 5530.818 0.151 1.781 0.343 0.459 10.001 1446.535 0.294 2.174 0.280 35.519 1499.810 0.12 -18.701 7
9 5414.170 0.143 1.605 0.343 0.487 10.000 1460.655 0.295 1.767 0.273 35.299 1494.303 0.198 -19.195 8
9 6029.520 0.151 1.396 0.345 0.507 9.998 1442.015 0.295 1.759 0.271 35.527 1499.821 0.302 -20.142 6
9 5824.828 0.148 1.516 0.349 0.510 10.001 1451.736 0.295 2.014 0.294 35.529 1499.826 0.242 -19.634 5
9 5405.553 0.151 1.814 0.352 0.499 9.999 1457.003 0.299 2.164 0.270 35.198 1504.730 0.11 -18.37 6
9 5394.890 0.150 1.901 0.344 0.504 10.163 1449.886 0.295 1.921 0.270 32.527 1500.019 0.082 -17.365 7
9 5402.370 0.151 1.815 0.343 0.499 9.999 1471.950 0.299 2.021 0.281 35.541 1502.170 0.124 -18.46 5
9 5827.906 0.143 1.094 0.344 0.516 10.001 1448.679 0.295 2.030 0.269 35.558 1499.821 0.453 -20.931 7
9 5285.557 0.151 1.824 0.343 0.510 10.053 1446.076 0.299 1.949 0.273 35.466 1508.448 0.119 -18.416 7
9 6013.920 0.150 1.968 0.344 0.504 9.999 1611.815 0.295 2.014 0.270 35.595 1499.821 0.203 -12.009 4
9 6003.640 0.147 1.969 0.348 0.510 10.026 1390.273 0.299 2.013 0.269 35.508 1502.386 0.201 -10.741 4
9 5988.246 0.150 1.969 0.349 0.510 10.026 1390.677 0.299 2.021 0.269 35.508 1502.386 0.198 -10.412 4
9 5367.067 0.151 2.007 0.354 0.510 9.998 1378.852 0.295 2.012 0.267 33.776 1499.852 0.073 -5.608 4
9 5547.526 0.151 2.004 0.354 0.510 9.998 1378.852 0.295 2.012 0.267 35.499 1499.848 0.12 -10.222 4
9 5141.568 0.151 2.007 0.354 0.510 10.027 1378.852 0.295 2.012 0.267 33.774 1499.852 0.068 2.787 4
9 5376.631 0.151 1.840 0.354 0.510 9.997 1455.183 0.295 1.920 0.267 32.618 1499.852 0.086 -12.903 6
9 5408.457 0.151 1.968 0.348 0.496 9.999 1374.053 0.299 2.021 0.270 33.912 1497.821 0.082 -8.972 4
9 5141.568 0.151 1.924 0.354 0.510 10.027 1378.822 0.295 2.012 0.267 33.863 1499.852 0.068 -10.459 5
9 5405.625 0.151 1.814 0.348 0.496 9.999 1456.661 0.299 2.027 0.270 35.173 1504.730 0.11 -11.231 5
9 5354.636 0.151 2.007 0.354 0.510 9.998 1378.852 0.295 2.012 0.267 33.776 1499.852 0.071 2.615 4
9 5322.318 0.151 1.968 0.348 0.496 9.999 1378.852 0.299 2.021 0.270 33.779 1497.821 0.08 -6.938 4
9 5376.631 0.151 1.839 0.354 0.510 9.997 1455.183 0.295 2.014 0.267 32.612 1499.852 0.086 -10.47 5
9 5366.831 0.151 2.007 0.354 0.509 9.998 1379.321 0.295 2.009 0.270 35.330 1499.827 0.115 -9.838 4
10 5651.885 0.129 1.766 0.374 0.513 9.669 1425.631 0.309 1.765 0.269 35.560 1415.062 0.14 -19.149 11
10 5516.051 0.153 2.013 0.345 0.508 10.058 1679.433 0.292 2.025 0.247 35.535 1316.672 0.253 -1.57 4
10 5533.590 0.153 1.243 0.345 0.508 10.880 1463.052 0.308 1.754 0.251 35.486 1414.684 0.378 -19.997 7
10 5831.834 0.152 1.239 0.345 0.504 10.029 1463.908 0.309 1.984 0.251 35.547 1348.094 0.38 -11.661 5
10 5326.370 0.153 2.038 0.345 0.489 9.729 1411.708 0.289 1.999 0.248 32.865 1415.856 0.065 5.036 5
10 5651.885 0.159 1.765 0.374 0.501 9.670 1425.631 0.309 1.820 0.269 35.560 1415.300 0.13 -18.752 10
10 5465.255 0.153 1.794 0.345 0.504 10.129 1470.473 0.292 1.801 0.243 35.012 1349.426 0.104 -3.714 8
10 5495.878 0.153 1.596 0.345 0.508 10.040 1463.052 0.309 1.754 0.251 35.486 1414.684 0.202 -19.259 6
10 5495.928 0.153 1.786 0.342 0.502 10.481 1463.144 0.293 2.023 0.248 34.992 1378.970 0.107 -18.53 7
10 5494.781 0.150 1.360 0.348 0.496 10.042 1510.417 0.308 1.999 0.252 35.445 1368.463 0.32 -9.569 5
10 5967.252 0.151 1.485 0.345 0.502 9.942 1444.772 0.309 1.997 0.252 35.490 1380.429 0.257 -8.906 5
10 5409.555 0.150 1.998 0.345 0.510 10.040 1411.708 0.311 1.998 0.248 32.823 1382.830 0.082 4.798 4
10 5410.410 0.153 2.082 0.329 0.477 9.931 1452.794 0.292 2.001 0.248 34.414 1382.775 0.086 4.263 7
10 5816.301 0.153 1.662 0.345 0.442 9.583 1469.158 0.308 1.736 0.266 35.316 1406.028 0.169 -19.1 9
10 5496.657 0.153 1.520 0.345 0.508 10.040 1457.885 0.309 1.997 0.251 35.491 1317.934 0.24 -8.44 5
10 5569.497 0.153 1.486 0.345 0.430 11.363 1467.289 0.308 1.561 0.297 35.518 1405.909 0.257 -19.654 9
10 5328.397 0.153 2.038 0.345 0.510 9.729 1411.708 0.289 1.946 0.248 32.865 1415.856 0.066 4.989 6
10 5494.781 0.150 1.355 0.348 0.496 10.042 1512.061 0.308 1.999 0.252 35.445 1344.407 0.323 -9.839 5
10 5967.252 0.153 1.302 0.348 0.493 9.929 1513.713 0.292 1.998 0.252 35.502 1379.449 0.349 -11.165 5
10 5515.113 0.152 1.805 0.345 0.502 10.042 1454.105 0.292 2.023 0.248 34.968 1378.970 0.103 1.874 5
10 5495.878 0.153 1.600 0.345 0.508 10.040 1423.547 0.309 1.997 0.248 35.486 1297.978 0.2 -7.496 5
10 5606.712 0.152 1.708 0.348 0.493 10.041 1512.708 0.292 1.762 0.249 35.502 1367.000 0.146 -6.785 6
10 5496.182 0.153 1.642 0.345 0.502 9.937 1463.408 0.292 2.024 0.251 35.486 1316.791 0.179 -7.181 5
10 5967.252 0.153 1.285 0.345 0.502 9.929 1445.135 0.292 1.998 0.252 35.536 1379.449 0.358 -11.558 5
10 5821.203 0.152 1.671 0.345 0.510 10.041 1463.908 0.292 1.763 0.251 35.547 1347.928 0.164 -7.87 6
10 5525.126 0.153 1.777 0.345 0.504 10.039 1479.508 0.291 1.768 0.247 35.429 1365.942 0.118 -5.384 6
10 5606.712 0.152 1.738 0.348 0.493 10.072 1512.708 0.292 1.762 0.249 35.502 1367.000 0.131 -6.448 6
10 5329.625 0.153 2.037 0.345 0.510 9.729 1411.708 0.319 1.999 0.248 32.865 1394.073 0.071 4.982 6
10 5496.660 0.153 1.642 0.345 0.502 9.937 1463.060 0.292 1.753 0.251 35.486 1316.791 0.179 -7.92 6
10 5525.126 0.153 1.771 0.345 0.509 10.034 1452.694 0.291 1.811 0.247 35.120 1365.974 0.115 -4.613 6
10 5465.245 0.153 1.794 0.345 0.504 10.057 1470.473 0.292 1.801 0.248 34.985 1349.426 0.104 -3.083 6
10 5465.168 0.153 1.794 0.345 0.504 10.057 1470.040 0.292 1.801 0.248 32.281 1347.665 0.103 -2.263 6
10 5386.914 0.153 2.009 0.345 0.504 9.932 1457.572 0.292 1.837 0.248 34.503 1399.962 0.088 3.111 5
10 5476.898 0.153 2.009 0.345 0.510 10.058 1452.742 0.292 2.023 0.247 34.610 1393.910 0.095 3.463 4
10 5606.712 0.151 1.738 0.348 0.502 10.072 1515.333 0.292 2.001 0.252 35.491 1367.000 0.131 -5.218 5
10 5525.297 0.153 2.013 0.345 0.505 10.045 1672.090 0.292 2.012 0.247 35.535 1316.672 0.248 1.889 4
10 5466.569 0.152 1.836 0.345 0.493 10.041 1463.706 0.311 2.001 0.252 34.531 1366.512 0.093 2.182 5
10 5525.028 0.153 2.013 0.345 0.508 10.058 1462.512 0.293 2.025 0.247 35.499 1316.672 0.122 2.495 4
10 5434.222 0.153 1.783 0.345 0.504 9.939 1486.992 0.292 1.801 0.248 35.153 1347.665 0.11 -4.501 6
10 5410.410 0.153 2.009 0.345 0.502 9.931 1452.794 0.292 2.023 0.248 34.463 1382.775 0.087 3.551 4
10 5465.168 0.153 1.794 0.345 0.504 10.057 1470.040 0.292 1.801 0.248 35.153 1347.665 0.109 -4.049 6
10 5414.506 0.152 1.796 0.345 0.501 10.043 1463.541 0.308 2.001 0.254 34.417 1382.775 0.102 1.98 6
10 5492.375 0.151 1.728 0.345 0.507 10.071 1512.713 0.309 1.997 0.249 35.491 1366.903 0.136 -5.357 5
10 5528.918 0.152 1.753 0.345 0.491 10.045 1511.964 0.308 1.763 0.241 35.501 1367.000 0.128 -18.685 7
10 5946.234 0.148 1.293 0.345 0.499 9.935 1445.135 0.292 1.998 0.247 35.413 1342.903 0.354 -11.257 5
10 5821.649 0.152 1.671 0.345 0.502 10.051 1463.908 0.292 1.987 0.251 35.547 1348.094 0.164 -6.87 5
10 5516.051 0.153 2.013 0.356 0.508 10.058 1464.313 0.293 2.023 0.251 35.535 1348.691 0.121 2.695 4
10 5472.964 0.153 1.786 0.345 0.502 10.042 1454.105 0.293 2.023 0.248 34.992 1378.970 0.107 -1.854 5
10 5494.965 0.150 1.789 0.348 0.493 10.057 1469.811 0.306 1.999 0.248 35.124 1366.956 0.108 -3.416 5
10 5986.427 0.153 1.291 0.345 0.502 9.931 1445.135 0.292 1.998 0.247 35.536 1342.903 0.355 -11.518 5
